-13.4025
-11.6049
-11.1166
-10.8051
-10.5676
-10.3812
-10.2364
-10.1039
-9.99739
-9.9122
-9.81907
-9.74379
-9.66922
-9.59846
-9.54603
-9.47263
-9.42125
-9.37949
-9.31893
-9.28712
-9.23883
-9.20934
-9.18687
-9.13745
-9.10376
-9.07188
-9.0538
-9.02003
-8.97879
-8.93617
-8.93353
-8.90707
-8.87417
-8.86855
-8.82673
-8.81611
-8.81016
-8.76764
-8.75321
-8.74544
-8.73021
-8.70251
-8.69517
-8.6822
-8.64277
-8.65921
-8.63764
-8.62209
-8.603
-8.55987
-8.55584
-8.57791
-8.51859
-8.52278
-8.52516
-8.49781
-8.49821
-8.48715
-8.46695
-8.47658
-8.44591
-8.45956
-8.44763
-8.37839
-8.42024
-8.41671
-8.37494
-8.38526
-8.36985
-8.34569
-8.37977
-8.36334
-8.35867
-8.33038
-8.32093
-8.29605
-8.29978
-8.30943
-8.27919
-8.28979
-8.30992
-8.29953
-8.30152
-8.2623
-8.29054
-8.2592
-8.23933
-8.26616
-8.2579
-8.25842
-8.19616
-8.24486
-8.23959
-8.20056
-8.2351
-8.20576
-8.2204
-8.17386
-8.21392
-8.20139
-8.21419
-8.19946
-8.18674
-8.21067
-8.18674
-8.1873
-8.18396
-8.17611
-8.16223
-8.14729
-8.11492
-8.15104
-8.18116
-8.18479
-8.16849
-8.16792
-8.1628
-8.15507
-8.15766
-8.15335
-8.16622
-8.14758
-8.14468
-8.14323
-8.15622
-8.16451
-8.14177
-8.11731
-8.15507
-8.16479
-8.13944
-8.16792
-8.16052
-8.14671
-8.12652
-8.14265
-8.14931
-8.15421
-8.09377
-8.14584
-8.14468
-8.13417
-8.16451
-8.15852
-8.13035
-8.13681
-8.16962
-8.17667
-8.16309
-8.14989
-8.15909
-8.17611
-8.17245
-8.17976
-8.16309
-8.16052
-8.1665
-8.18507
-8.19423
-8.20166
-8.21175
-8.21798
-8.22121
-8.18032
-8.21798
-8.2196
-8.20822
-8.22631
-8.2388
-8.2417
-8.2446
-8.21392
-8.23669
-8.24591
-8.23271
-8.25739
-8.2718
-8.24722
-8.28677
-8.26771
-8.28147
-8.2968
-8.32845
-8.32845
-8.33615
-8.34877
-8.33735
-8.37862
-8.37378
-8.41028
-8.39208
-8.44656
-8.47637
-8.4772
-8.53346
-8.54869
-8.55891
-8.6491
-8.71227
-8.84101
-8.84101
-8.71227
-8.6491
-8.55891
-8.54869
-8.53346
-8.4772
-8.47637
-8.44656
-8.39208
-8.41028
-8.37378
-8.37862
-8.33735
-8.34877
-8.33615
-8.32845
-8.32845
-8.2968
-8.28147
-8.26771
-8.28677
-8.24722
-8.2718
-8.25739
-8.23271
-8.24591
-8.23669
-8.21392
-8.2446
-8.2417
-8.2388
-8.22631
-8.20822
-8.2196
-8.21798
-8.18032
-8.22121
-8.21798
-8.21175
-8.20166
-8.19423
-8.18507
-8.1665
-8.16052
-8.16309
-8.17976
-8.17245
-8.17611
-8.15909
-8.14989
-8.16309
-8.17667
-8.16962
-8.13681
-8.13035
-8.15852
-8.16451
-8.13417
-8.14468
-8.14584
-8.09377
-8.15421
-8.14931
-8.14265
-8.12652
-8.14671
-8.16052
-8.16792
-8.13944
-8.16479
-8.15507
-8.11731
-8.14177
-8.16451
-8.15622
-8.14323
-8.14468
-8.14758
-8.16622
-8.15335
-8.15766
-8.15507
-8.1628
-8.16792
-8.16849
-8.18479
-8.18116
-8.15104
-8.11492
-8.14729
-8.16223
-8.17611
-8.18396
-8.1873
-8.18674
-8.21067
-8.18674
-8.19946
-8.21419
-8.20139
-8.21392
-8.17386
-8.2204
-8.20576
-8.2351
-8.20056
-8.23959
-8.24486
-8.19616
-8.25842
-8.2579
-8.26616
-8.23933
-8.2592
-8.29054
-8.2623
-8.30152
-8.29953
-8.30992
-8.28979
-8.27919
-8.30943
-8.29978
-8.29605
-8.32093
-8.33038
-8.35867
-8.36334
-8.37977
-8.34569
-8.36985
-8.38526
-8.37494
-8.41671
-8.42024
-8.37839
-8.44763
-8.45956
-8.44591
-8.47658
-8.46695
-8.48715
-8.49821
-8.49781
-8.52516
-8.52278
-8.51859
-8.57791
-8.55584
-8.55987
-8.603
-8.62209
-8.63764
-8.65921
-8.64277
-8.6822
-8.69517
-8.70251
-8.73021
-8.74544
-8.75321
-8.76764
-8.81016
-8.81611
-8.82673
-8.86855
-8.87417
-8.90707
-8.93353
-8.93617
-8.97879
-9.02003
-9.0538
-9.07188
-9.10376
-9.13745
-9.18687
-9.20934
-9.23883
-9.28712
-9.31893
-9.37949
-9.42125
-9.47263
-9.54603
-9.59846
-9.66922
-9.74379
-9.81907
-9.9122
-9.99739
-10.1039
-10.2364
-10.3812
-10.5676
-10.8051
-11.1166
-11.6049
-13.4025
