-16.0221
-13.1662
-12.4876
-12.0349
-11.6855
-11.3954
-11.1486
-10.9349
-10.748
-10.5944
-10.4723
-10.3565
-10.2601
-10.1571
-10.0749
-10.0014
-9.92471
-9.86001
-9.80576
-9.75237
-9.6948
-9.64821
-9.59805
-9.55216
-9.51163
-9.47624
-9.44786
-9.39308
-9.37552
-9.31785
-9.30274
-9.27613
-9.25244
-9.22355
-9.18881
-9.15536
-9.13788
-9.11151
-9.10764
-9.06912
-9.04794
-9.01116
-8.99925
-8.99069
-8.975
-8.92824
-8.94416
-8.90788
-8.90069
-8.87487
-8.88738
-8.86135
-8.82335
-8.81967
-8.80192
-8.7834
-8.79604
-8.7639
-8.75715
-8.73472
-8.75005
-8.72323
-8.71654
-8.69935
-8.68558
-8.67488
-8.65556
-8.65487
-8.66077
-8.65382
-8.64664
-8.63782
-8.6183
-8.62137
-8.63195
-8.6041
-8.57527
-8.58858
-8.57772
-8.57092
-8.54927
-8.57111
-8.54636
-8.57603
-8.56713
-8.52655
-8.52298
-8.52397
-8.52397
-8.51399
-8.47261
-8.53464
-8.50916
-8.49781
-8.52337
-8.47679
-8.50876
-8.47887
-8.45105
-8.49597
-8.47533
-8.47512
-8.46695
-8.46611
-8.47449
-8.44505
-8.45617
-8.43685
-8.46863
-8.47366
-8.44355
-8.46485
-8.44398
-8.42595
-8.42222
-8.45489
-8.43512
-8.42989
-8.43642
-8.44031
-8.44247
-8.42836
-8.42836
-8.44182
-8.43772
-8.44956
-8.41494
-8.45191
-8.44699
-8.4472
-8.43533
-8.4312
-8.45319
-8.45617
-8.44591
-8.45361
-8.44419
-8.43512
-8.44548
-8.4701
-8.44225
-8.44548
-8.47762
-8.47282
-8.46358
-8.47824
-8.49719
-8.46062
-8.48384
-8.46863
-8.48838
-8.48219
-8.47345
-8.48529
-8.4826
-8.47949
-8.52337
-8.52178
-8.52417
-8.52298
-8.53778
-8.53993
-8.55121
-8.54052
-8.55757
-8.57603
-8.5635
-8.57659
-8.5796
-8.58317
-8.60025
-8.59785
-8.58672
-8.60025
-8.64242
-8.64857
-8.65991
-8.66423
-8.65574
-8.66008
-8.67283
-8.70483
-8.71194
-8.7397
-8.72453
-8.73472
-8.77246
-8.77709
-8.78416
-8.83681
-8.83608
-8.85951
-8.87389
-8.90028
-8.94272
-8.98695
-9.00258
-9.08512
-9.17035
-9.35062
-9.35062
-9.17035
-9.08512
-9.00258
-8.98695
-8.94272
-8.90028
-8.87389
-8.85951
-8.83608
-8.83681
-8.78416
-8.77709
-8.77246
-8.73472
-8.72453
-8.7397
-8.71194
-8.70483
-8.67283
-8.66008
-8.65574
-8.66423
-8.65991
-8.64857
-8.64242
-8.60025
-8.58672
-8.59785
-8.60025
-8.58317
-8.5796
-8.57659
-8.5635
-8.57603
-8.55757
-8.54052
-8.55121
-8.53993
-8.53778
-8.52298
-8.52417
-8.52178
-8.52337
-8.47949
-8.4826
-8.48529
-8.47345
-8.48219
-8.48838
-8.46863
-8.48384
-8.46062
-8.49719
-8.47824
-8.46358
-8.47282
-8.47762
-8.44548
-8.44225
-8.4701
-8.44548
-8.43512
-8.44419
-8.45361
-8.44591
-8.45617
-8.45319
-8.4312
-8.43533
-8.4472
-8.44699
-8.45191
-8.41494
-8.44956
-8.43772
-8.44182
-8.42836
-8.42836
-8.44247
-8.44031
-8.43642
-8.42989
-8.43512
-8.45489
-8.42222
-8.42595
-8.44398
-8.46485
-8.44355
-8.47366
-8.46863
-8.43685
-8.45617
-8.44505
-8.47449
-8.46611
-8.46695
-8.47512
-8.47533
-8.49597
-8.45105
-8.47887
-8.50876
-8.47679
-8.52337
-8.49781
-8.50916
-8.53464
-8.47261
-8.51399
-8.52397
-8.52397
-8.52298
-8.52655
-8.56713
-8.57603
-8.54636
-8.57111
-8.54927
-8.57092
-8.57772
-8.58858
-8.57527
-8.6041
-8.63195
-8.62137
-8.6183
-8.63782
-8.64664
-8.65382
-8.66077
-8.65487
-8.65556
-8.67488
-8.68558
-8.69935
-8.71654
-8.72323
-8.75005
-8.73472
-8.75715
-8.7639
-8.79604
-8.7834
-8.80192
-8.81967
-8.82335
-8.86135
-8.88738
-8.87487
-8.90069
-8.90788
-8.94416
-8.92824
-8.975
-8.99069
-8.99925
-9.01116
-9.04794
-9.06912
-9.10764
-9.11151
-9.13788
-9.15536
-9.18881
-9.22355
-9.25244
-9.27613
-9.30274
-9.31785
-9.37552
-9.39308
-9.44786
-9.47624
-9.51163
-9.55216
-9.59805
-9.64821
-9.6948
-9.75237
-9.80576
-9.86001
-9.92471
-10.0014
-10.0749
-10.1571
-10.2601
-10.3565
-10.4723
-10.5944
-10.748
-10.9349
-11.1486
-11.3954
-11.6855
-12.0349
-12.4876
-13.1662
-16.0221
