-16.5559
-13.4053
-12.5911
-12.0048
-11.5722
-11.2604
-11.0192
-10.8369
-10.6644
-10.5344
-10.4175
-10.2983
-10.2021
-10.114
-10.0256
-9.9689
-9.90399
-9.82455
-9.78335
-9.71698
-9.6774
-9.61427
-9.56465
-9.52471
-9.4841
-9.43524
-9.40278
-9.38597
-9.34461
-9.29551
-9.28536
-9.25388
-9.21433
-9.18636
-9.16482
-9.15038
-9.11823
-9.11284
-9.07795
-9.06785
-9.01712
-9.03539
-8.99665
-8.97221
-8.95815
-8.93696
-8.93023
-8.9091
-8.88184
-8.86588
-8.87947
-8.84491
-8.83361
-8.84029
-8.798
-8.78033
-8.78033
-8.7692
-8.75841
-8.75747
-8.72356
-8.72323
-8.71227
-8.70682
-8.68508
-8.68946
-8.68135
-8.65137
-8.65347
-8.64541
-8.62909
-8.6512
-8.62317
-8.61269
-8.62659
-8.6052
-8.59933
-8.57979
-8.56121
-8.5936
-8.54966
-8.53641
-8.51519
-8.5841
-8.54733
-8.55063
-8.53444
-8.53954
-8.52138
-8.50956
-8.49719
-8.51359
-8.49903
-8.51959
-8.50613
-8.49944
-8.4974
-8.51999
-8.48735
-8.52278
-8.48426
-8.4929
-8.48032
-8.49719
-8.46842
-8.47241
-8.45872
-8.41826
-8.47199
-8.4602
-8.4534
-8.47136
-8.48529
-8.47052
-8.45617
-8.45276
-8.43945
-8.44548
-8.47429
-8.44505
-8.44741
-8.4621
-8.4487
-8.45383
-8.45276
-8.45872
-8.45681
-8.43923
-8.45127
-8.4585
-8.4457
-8.4585
-8.45127
-8.46316
-8.45148
-8.48053
-8.47845
-8.45212
-8.46548
-8.46716
-8.47512
-8.47345
-8.47887
-8.489
-8.47991
-8.4826
-8.48508
-8.46421
-8.49719
-8.49984
-8.51319
-8.51979
-8.53778
-8.49044
-8.54927
-8.50977
-8.53425
-8.53425
-8.55024
-8.56083
-8.57395
-8.55314
-8.5936
-8.55968
-8.55661
-8.58429
-8.59526
-8.58896
-8.62173
-8.62209
-8.63498
-8.62299
-8.64294
-8.66337
-8.65991
-8.6625
-8.68271
-8.68169
-8.71342
-8.73777
-8.72323
-8.75637
-8.75242
-8.76499
-8.76296
-8.78783
-8.82629
-8.82026
-8.85252
-8.86602
-8.88475
-8.88586
-8.95248
-8.97677
-9.00159
-9.04109
-9.08387
-9.14687
-9.22828
-9.41597
-9.41597
-9.22828
-9.14687
-9.08387
-9.04109
-9.00159
-8.97677
-8.95248
-8.88586
-8.88475
-8.86602
-8.85252
-8.82026
-8.82629
-8.78783
-8.76296
-8.76499
-8.75242
-8.75637
-8.72323
-8.73777
-8.71342
-8.68169
-8.68271
-8.6625
-8.65991
-8.66337
-8.64294
-8.62299
-8.63498
-8.62209
-8.62173
-8.58896
-8.59526
-8.58429
-8.55661
-8.55968
-8.5936
-8.55314
-8.57395
-8.56083
-8.55024
-8.53425
-8.53425
-8.50977
-8.54927
-8.49044
-8.53778
-8.51979
-8.51319
-8.49984
-8.49719
-8.46421
-8.48508
-8.4826
-8.47991
-8.489
-8.47887
-8.47345
-8.47512
-8.46716
-8.46548
-8.45212
-8.47845
-8.48053
-8.45148
-8.46316
-8.45127
-8.4585
-8.4457
-8.4585
-8.45127
-8.43923
-8.45681
-8.45872
-8.45276
-8.45383
-8.4487
-8.4621
-8.44741
-8.44505
-8.47429
-8.44548
-8.43945
-8.45276
-8.45617
-8.47052
-8.48529
-8.47136
-8.4534
-8.4602
-8.47199
-8.41826
-8.45872
-8.47241
-8.46842
-8.49719
-8.48032
-8.4929
-8.48426
-8.52278
-8.48735
-8.51999
-8.4974
-8.49944
-8.50613
-8.51959
-8.49903
-8.51359
-8.49719
-8.50956
-8.52138
-8.53954
-8.53444
-8.55063
-8.54733
-8.5841
-8.51519
-8.53641
-8.54966
-8.5936
-8.56121
-8.57979
-8.59933
-8.6052
-8.62659
-8.61269
-8.62317
-8.6512
-8.62909
-8.64541
-8.65347
-8.65137
-8.68135
-8.68946
-8.68508
-8.70682
-8.71227
-8.72323
-8.72356
-8.75747
-8.75841
-8.7692
-8.78033
-8.78033
-8.798
-8.84029
-8.83361
-8.84491
-8.87947
-8.86588
-8.88184
-8.9091
-8.93023
-8.93696
-8.95815
-8.97221
-8.99665
-9.03539
-9.01712
-9.06785
-9.07795
-9.11284
-9.11823
-9.15038
-9.16482
-9.18636
-9.21433
-9.25388
-9.28536
-9.29551
-9.34461
-9.38597
-9.40278
-9.43524
-9.4841
-9.52471
-9.56465
-9.61427
-9.6774
-9.71698
-9.78335
-9.82455
-9.90399
-9.9689
-10.0256
-10.114
-10.2021
-10.2983
-10.4175
-10.5344
-10.6644
-10.8369
-11.0192
-11.2604
-11.5722
-12.0048
-12.5911
-13.4053
-16.5559
