-16.4478
-13.3675
-12.5935
-12.0418
-11.6038
-11.2897
-11.0407
-10.8477
-10.683
-10.5452
-10.4237
-10.3059
-10.216
-10.125
-10.0433
-9.96782
-9.90549
-9.82989
-9.78019
-9.72687
-9.67652
-9.63351
-9.58328
-9.54223
-9.50644
-9.46591
-9.42996
-9.38
-9.35193
-9.33441
-9.29624
-9.25235
-9.2364
-9.19918
-9.18901
-9.15842
-9.12652
-9.10309
-9.06728
-9.03884
-9.05521
-9.01627
-8.97196
-8.96941
-8.94677
-8.94429
-8.92665
-8.9118
-8.90395
-8.86446
-8.84491
-8.86446
-8.83157
-8.80162
-8.81091
-8.77601
-8.7757
-8.77369
-8.77277
-8.74305
-8.72323
-8.70301
-8.71309
-8.70963
-8.69768
-8.69249
-8.69567
-8.65347
-8.66406
-8.64277
-8.62191
-8.62101
-8.62927
-8.57376
-8.60484
-8.57885
-8.59378
-8.5936
-8.59286
-8.58709
-8.56293
-8.55353
-8.54733
-8.51238
-8.57149
-8.5591
-8.54403
-8.53267
-8.52377
-8.51499
-8.49474
-8.50593
-8.49392
-8.51839
-8.49944
-8.50694
-8.48653
-8.48136
-8.47345
-8.49638
-8.47199
-8.49229
-8.47303
-8.47908
-8.45723
-8.47783
-8.47157
-8.44827
-8.47658
-8.46548
-8.46611
-8.47658
-8.45744
-8.44053
-8.46105
-8.44376
-8.4312
-8.46379
-8.45638
-8.44333
-8.45148
-8.43945
-8.45063
-8.43381
-8.44182
-8.44849
-8.46548
-8.45893
-8.45872
-8.46506
-8.47824
-8.45681
-8.44613
-8.46968
-8.45319
-8.46105
-8.44977
-8.47824
-8.44656
-8.45999
-8.50208
-8.46147
-8.48673
-8.46779
-8.46737
-8.50391
-8.48115
-8.4927
-8.50147
-8.51579
-8.54656
-8.50815
-8.55468
-8.50694
-8.50086
-8.52556
-8.55295
-8.52437
-8.54597
-8.54947
-8.54325
-8.5635
-8.5732
-8.55198
-8.55449
-8.59563
-8.57697
-8.62963
-8.591
-8.61068
-8.64559
-8.63799
-8.63373
-8.63231
-8.66233
-8.6632
-8.65956
-8.67403
-8.70699
-8.69299
-8.69901
-8.73214
-8.74257
-8.76296
-8.77478
-8.78691
-8.81937
-8.81907
-8.82129
-8.85552
-8.89
-8.8871
-8.92612
-8.93353
-8.99094
-9.04841
-9.0808
-9.11877
-9.21393
-9.40038
-9.40038
-9.21393
-9.11877
-9.0808
-9.04841
-8.99094
-8.93353
-8.92612
-8.8871
-8.89
-8.85552
-8.82129
-8.81907
-8.81937
-8.78691
-8.77478
-8.76296
-8.74257
-8.73214
-8.69901
-8.69299
-8.70699
-8.67403
-8.65956
-8.6632
-8.66233
-8.63231
-8.63373
-8.63799
-8.64559
-8.61068
-8.591
-8.62963
-8.57697
-8.59563
-8.55449
-8.55198
-8.5732
-8.5635
-8.54325
-8.54947
-8.54597
-8.52437
-8.55295
-8.52556
-8.50086
-8.50694
-8.55468
-8.50815
-8.54656
-8.51579
-8.50147
-8.4927
-8.48115
-8.50391
-8.46737
-8.46779
-8.48673
-8.46147
-8.50208
-8.45999
-8.44656
-8.47824
-8.44977
-8.46105
-8.45319
-8.46968
-8.44613
-8.45681
-8.47824
-8.46506
-8.45872
-8.45893
-8.46548
-8.44849
-8.44182
-8.43381
-8.45063
-8.43945
-8.45148
-8.44333
-8.45638
-8.46379
-8.4312
-8.44376
-8.46105
-8.44053
-8.45744
-8.47658
-8.46611
-8.46548
-8.47658
-8.44827
-8.47157
-8.47783
-8.45723
-8.47908
-8.47303
-8.49229
-8.47199
-8.49638
-8.47345
-8.48136
-8.48653
-8.50694
-8.49944
-8.51839
-8.49392
-8.50593
-8.49474
-8.51499
-8.52377
-8.53267
-8.54403
-8.5591
-8.57149
-8.51238
-8.54733
-8.55353
-8.56293
-8.58709
-8.59286
-8.5936
-8.59378
-8.57885
-8.60484
-8.57376
-8.62927
-8.62101
-8.62191
-8.64277
-8.66406
-8.65347
-8.69567
-8.69249
-8.69768
-8.70963
-8.71309
-8.70301
-8.72323
-8.74305
-8.77277
-8.77369
-8.7757
-8.77601
-8.81091
-8.80162
-8.83157
-8.86446
-8.84491
-8.86446
-8.90395
-8.9118
-8.92665
-8.94429
-8.94677
-8.96941
-8.97196
-9.01627
-9.05521
-9.03884
-9.06728
-9.10309
-9.12652
-9.15842
-9.18901
-9.19918
-9.2364
-9.25235
-9.29624
-9.33441
-9.35193
-9.38
-9.42996
-9.46591
-9.50644
-9.54223
-9.58328
-9.63351
-9.67652
-9.72687
-9.78019
-9.82989
-9.90549
-9.96782
-10.0433
-10.125
-10.216
-10.3059
-10.4237
-10.5452
-10.683
-10.8477
-11.0407
-11.2897
-11.6038
-12.0418
-12.5935
-13.3675
-16.4478
