-16.3891
-13.3364
-12.5792
-12.0466
-11.6251
-11.2888
-11.0478
-10.8549
-10.687
-10.5487
-10.4304
-10.3141
-10.2174
-10.1343
-10.0524
-9.97478
-9.89772
-9.84315
-9.79562
-9.71589
-9.6829
-9.63004
-9.58699
-9.54731
-9.47731
-9.46141
-9.41849
-9.37856
-9.3705
-9.32117
-9.28656
-9.26398
-9.22572
-9.1933
-9.1773
-9.1562
-9.1114
-9.10064
-9.0841
-9.04346
-9.04346
-9.02942
-8.99442
-8.98294
-8.95248
-8.93971
-8.92718
-8.88945
-8.89385
-8.87989
-8.86602
-8.85794
-8.83448
-8.81507
-8.81492
-8.79012
-8.77709
-8.75888
-8.74576
-8.74672
-8.72242
-8.74002
-8.72307
-8.7045
-8.66768
-8.69165
-8.69098
-8.6512
-8.65991
-8.65469
-8.64805
-8.64206
-8.63923
-8.60923
-8.61323
-8.60282
-8.58896
-8.59877
-8.59304
-8.57659
-8.56025
-8.57206
-8.53366
-8.54597
-8.54792
-8.54091
-8.53287
-8.53149
-8.52932
-8.49392
-8.51077
-8.52218
-8.51419
-8.50025
-8.50835
-8.49719
-8.51899
-8.47866
-8.49433
-8.49352
-8.49208
-8.48818
-8.48302
-8.48281
-8.46884
-8.48715
-8.47094
-8.45447
-8.46253
-8.44096
-8.46295
-8.47887
-8.45956
-8.47554
-8.42924
-8.4502
-8.45532
-8.44376
-8.46695
-8.45532
-8.4621
-8.44977
-8.4429
-8.45148
-8.46253
-8.4429
-8.45233
-8.45169
-8.46253
-8.44527
-8.44977
-8.46379
-8.45191
-8.4722
-8.464
-8.4621
-8.48219
-8.47824
-8.46716
-8.47491
-8.47679
-8.47408
-8.48011
-8.4855
-8.48797
-8.46884
-8.49085
-8.47616
-8.51298
-8.48405
-8.51699
-8.51399
-8.50613
-8.53169
-8.52298
-8.49147
-8.50411
-8.52178
-8.52337
-8.55968
-8.54889
-8.56427
-8.55449
-8.57584
-8.58429
-8.56255
-8.57904
-8.59119
-8.60172
-8.60886
-8.6145
-8.61812
-8.62047
-8.62227
-8.64734
-8.65973
-8.64787
-8.69901
-8.69484
-8.68101
-8.72291
-8.73134
-8.74735
-8.73166
-8.76312
-8.7774
-8.79164
-8.79996
-8.8238
-8.8694
-8.87794
-8.88378
-8.93023
-8.94011
-9.00098
-9.02918
-9.05824
-9.13475
-9.20382
-9.37958
-9.37958
-9.20382
-9.13475
-9.05824
-9.02918
-9.00098
-8.94011
-8.93023
-8.88378
-8.87794
-8.8694
-8.8238
-8.79996
-8.79164
-8.7774
-8.76312
-8.73166
-8.74735
-8.73134
-8.72291
-8.68101
-8.69484
-8.69901
-8.64787
-8.65973
-8.64734
-8.62227
-8.62047
-8.61812
-8.6145
-8.60886
-8.60172
-8.59119
-8.57904
-8.56255
-8.58429
-8.57584
-8.55449
-8.56427
-8.54889
-8.55968
-8.52337
-8.52178
-8.50411
-8.49147
-8.52298
-8.53169
-8.50613
-8.51399
-8.51699
-8.48405
-8.51298
-8.47616
-8.49085
-8.46884
-8.48797
-8.4855
-8.48011
-8.47408
-8.47679
-8.47491
-8.46716
-8.47824
-8.48219
-8.4621
-8.464
-8.4722
-8.45191
-8.46379
-8.44977
-8.44527
-8.46253
-8.45169
-8.45233
-8.4429
-8.46253
-8.45148
-8.4429
-8.44977
-8.4621
-8.45532
-8.46695
-8.44376
-8.45532
-8.4502
-8.42924
-8.47554
-8.45956
-8.47887
-8.46295
-8.44096
-8.46253
-8.45447
-8.47094
-8.48715
-8.46884
-8.48281
-8.48302
-8.48818
-8.49208
-8.49352
-8.49433
-8.47866
-8.51899
-8.49719
-8.50835
-8.50025
-8.51419
-8.52218
-8.51077
-8.49392
-8.52932
-8.53149
-8.53287
-8.54091
-8.54792
-8.54597
-8.53366
-8.57206
-8.56025
-8.57659
-8.59304
-8.59877
-8.58896
-8.60282
-8.61323
-8.60923
-8.63923
-8.64206
-8.64805
-8.65469
-8.65991
-8.6512
-8.69098
-8.69165
-8.66768
-8.7045
-8.72307
-8.74002
-8.72242
-8.74672
-8.74576
-8.75888
-8.77709
-8.79012
-8.81492
-8.81507
-8.83448
-8.85794
-8.86602
-8.87989
-8.89385
-8.88945
-8.92718
-8.93971
-8.95248
-8.98294
-8.99442
-9.02942
-9.04346
-9.04346
-9.0841
-9.10064
-9.1114
-9.1562
-9.1773
-9.1933
-9.22572
-9.26398
-9.28656
-9.32117
-9.3705
-9.37856
-9.41849
-9.46141
-9.47731
-9.54731
-9.58699
-9.63004
-9.6829
-9.71589
-9.79562
-9.84315
-9.89772
-9.97478
-10.0524
-10.1343
-10.2174
-10.3141
-10.4304
-10.5487
-10.687
-10.8549
-11.0478
-11.2888
-11.6251
-12.0466
-12.5792
-13.3364
-16.3891
