-16.5044
-13.3824
-12.5908
-12.0197
-11.5798
-11.2649
-11.0305
-10.8375
-10.6711
-10.5344
-10.4171
-10.3152
-10.2073
-10.1209
-10.0457
-9.96627
-9.91961
-9.83799
-9.77582
-9.72113
-9.66903
-9.61767
-9.55478
-9.52522
-9.48986
-9.42036
-9.41776
-9.37915
-9.34984
-9.32117
-9.29505
-9.23951
-9.21334
-9.17606
-9.18019
-9.12489
-9.12456
-9.10897
-9.06091
-9.07578
-9.06161
-9.00221
-8.96482
-8.95248
-8.97119
-8.9301
-8.90924
-8.8785
-8.88586
-8.88031
-8.87696
-8.8426
-8.83594
-8.83288
-8.80837
-8.80807
-8.77863
-8.73585
-8.74672
-8.72632
-8.74656
-8.75574
-8.71654
-8.71981
-8.69684
-8.66854
-8.66768
-8.66233
-8.64453
-8.658
-8.63728
-8.61087
-8.6364
-8.60758
-8.61686
-8.59785
-8.57433
-8.57433
-8.56217
-8.57998
-8.54403
-8.55082
-8.57357
-8.52952
-8.5366
-8.5307
-8.49719
-8.53307
-8.49719
-8.54442
-8.537
-8.51859
-8.49249
-8.50106
-8.51158
-8.50512
-8.50775
-8.48529
-8.50127
-8.50795
-8.49577
-8.48715
-8.46653
-8.49064
-8.42639
-8.49188
-8.45723
-8.4375
-8.46947
-8.47261
-8.48384
-8.47261
-8.45808
-8.4362
-8.4362
-8.45425
-8.45681
-8.44355
-8.44548
-8.46695
-8.43728
-8.45148
-8.45169
-8.4362
-8.45447
-8.44699
-8.47157
-8.46926
-8.43858
-8.43251
-8.45659
-8.44763
-8.46947
-8.47512
-8.46674
-8.47073
-8.47094
-8.46379
-8.47303
-8.47366
-8.48322
-8.48529
-8.48343
-8.48962
-8.49883
-8.49003
-8.50775
-8.49413
-8.51218
-8.48756
-8.52278
-8.51639
-8.49495
-8.55468
-8.53307
-8.5366
-8.52258
-8.54636
-8.53031
-8.55564
-8.54597
-8.54636
-8.55449
-8.57263
-8.57885
-8.57697
-8.58765
-8.61486
-8.59508
-8.60685
-8.62443
-8.61287
-8.61975
-8.63248
-8.67197
-8.66734
-8.68946
-8.68829
-8.71555
-8.70384
-8.71932
-8.7344
-8.74178
-8.76265
-8.76171
-8.79057
-8.80732
-8.81981
-8.8622
-8.87066
-8.89467
-8.90014
-8.92784
-8.9638
-9.02003
-9.02726
-9.07211
-9.14142
-9.22602
-9.40648
-9.40648
-9.22602
-9.14142
-9.07211
-9.02726
-9.02003
-8.9638
-8.92784
-8.90014
-8.89467
-8.87066
-8.8622
-8.81981
-8.80732
-8.79057
-8.76171
-8.76265
-8.74178
-8.7344
-8.71932
-8.70384
-8.71555
-8.68829
-8.68946
-8.66734
-8.67197
-8.63248
-8.61975
-8.61287
-8.62443
-8.60685
-8.59508
-8.61486
-8.58765
-8.57697
-8.57885
-8.57263
-8.55449
-8.54636
-8.54597
-8.55564
-8.53031
-8.54636
-8.52258
-8.5366
-8.53307
-8.55468
-8.49495
-8.51639
-8.52278
-8.48756
-8.51218
-8.49413
-8.50775
-8.49003
-8.49883
-8.48962
-8.48343
-8.48529
-8.48322
-8.47366
-8.47303
-8.46379
-8.47094
-8.47073
-8.46674
-8.47512
-8.46947
-8.44763
-8.45659
-8.43251
-8.43858
-8.46926
-8.47157
-8.44699
-8.45447
-8.4362
-8.45169
-8.45148
-8.43728
-8.46695
-8.44548
-8.44355
-8.45681
-8.45425
-8.4362
-8.4362
-8.45808
-8.47261
-8.48384
-8.47261
-8.46947
-8.4375
-8.45723
-8.49188
-8.42639
-8.49064
-8.46653
-8.48715
-8.49577
-8.50795
-8.50127
-8.48529
-8.50775
-8.50512
-8.51158
-8.50106
-8.49249
-8.51859
-8.537
-8.54442
-8.49719
-8.53307
-8.49719
-8.5307
-8.5366
-8.52952
-8.57357
-8.55082
-8.54403
-8.57998
-8.56217
-8.57433
-8.57433
-8.59785
-8.61686
-8.60758
-8.6364
-8.61087
-8.63728
-8.658
-8.64453
-8.66233
-8.66768
-8.66854
-8.69684
-8.71981
-8.71654
-8.75574
-8.74656
-8.72632
-8.74672
-8.73585
-8.77863
-8.80807
-8.80837
-8.83288
-8.83594
-8.8426
-8.87696
-8.88031
-8.88586
-8.8785
-8.90924
-8.9301
-8.97119
-8.95248
-8.96482
-9.00221
-9.06161
-9.07578
-9.06091
-9.10897
-9.12456
-9.12489
-9.18019
-9.17606
-9.21334
-9.23951
-9.29505
-9.32117
-9.34984
-9.37915
-9.41776
-9.42036
-9.48986
-9.52522
-9.55478
-9.61767
-9.66903
-9.72113
-9.77582
-9.83799
-9.91961
-9.96627
-10.0457
-10.1209
-10.2073
-10.3152
-10.4171
-10.5344
-10.6711
-10.8375
-11.0305
-11.2649
-11.5798
-12.0197
-12.5908
-13.3824
-16.5044
