-16.6057
-13.4253
-12.5833
-11.9867
-11.5552
-11.2497
-11.0116
-10.821
-10.6578
-10.5195
-10.4091
-10.2914
-10.2008
-10.1201
-10.0332
-9.96604
-9.89364
-9.81831
-9.77161
-9.7119
-9.65727
-9.62714
-9.55818
-9.51621
-9.48653
-9.43835
-9.4167
-9.367
-9.35842
-9.3242
-9.29753
-9.25282
-9.20854
-9.17792
-9.19573
-9.1382
-9.10986
-9.08057
-9.06566
-9.03682
-9.03563
-9.00135
-8.98745
-8.96636
-8.96699
-8.95273
-8.897
-8.91113
-8.87543
-8.88917
-8.87543
-8.84664
-8.84951
-8.83215
-8.80822
-8.81165
-8.79103
-8.75826
-8.75511
-8.73906
-8.75574
-8.73456
-8.70218
-8.69316
-8.68592
-8.67693
-8.69985
-8.66768
-8.66337
-8.6307
-8.62389
-8.64945
-8.64857
-8.5984
-8.59415
-8.60025
-8.58597
-8.56922
-8.58354
-8.55661
-8.55063
-8.54111
-8.54071
-8.55333
-8.54461
-8.54947
-8.52695
-8.54052
-8.52853
-8.49352
-8.53385
-8.50086
-8.51999
-8.51979
-8.50208
-8.49597
-8.48962
-8.49964
-8.47991
-8.48094
-8.47408
-8.4826
-8.46695
-8.4826
-8.48735
-8.47282
-8.49495
-8.47491
-8.46548
-8.44998
-8.45255
-8.49392
-8.45148
-8.43902
-8.4659
-8.45148
-8.45829
-8.45383
-8.44505
-8.4534
-8.45766
-8.48364
-8.46168
-8.4602
-8.45723
-8.44484
-8.44913
-8.46083
-8.44634
-8.46716
-8.48879
-8.45084
-8.46295
-8.43988
-8.47303
-8.4621
-8.45596
-8.46674
-8.4747
-8.49392
-8.43815
-8.48011
-8.47575
-8.48074
-8.48198
-8.51298
-8.49003
-8.51319
-8.52635
-8.49003
-8.48384
-8.50451
-8.53935
-8.52437
-8.53601
-8.52437
-8.55449
-8.52437
-8.54481
-8.55333
-8.55275
-8.55179
-8.58728
-8.58653
-8.58616
-8.60977
-8.58802
-8.58392
-8.60465
-8.6105
-8.62909
-8.60337
-8.63888
-8.66665
-8.65887
-8.67351
-8.68339
-8.67982
-8.72388
-8.71062
-8.73343
-8.73793
-8.74114
-8.78615
-8.77385
-8.80057
-8.82424
-8.83477
-8.84232
-8.86362
-8.86926
-8.90041
-8.93419
-8.95235
-9.01954
-9.03348
-9.08862
-9.15144
-9.23415
-9.42052
-9.42052
-9.23415
-9.15144
-9.08862
-9.03348
-9.01954
-8.95235
-8.93419
-8.90041
-8.86926
-8.86362
-8.84232
-8.83477
-8.82424
-8.80057
-8.77385
-8.78615
-8.74114
-8.73793
-8.73343
-8.71062
-8.72388
-8.67982
-8.68339
-8.67351
-8.65887
-8.66665
-8.63888
-8.60337
-8.62909
-8.6105
-8.60465
-8.58392
-8.58802
-8.60977
-8.58616
-8.58653
-8.58728
-8.55179
-8.55275
-8.55333
-8.54481
-8.52437
-8.55449
-8.52437
-8.53601
-8.52437
-8.53935
-8.50451
-8.48384
-8.49003
-8.52635
-8.51319
-8.49003
-8.51298
-8.48198
-8.48074
-8.47575
-8.48011
-8.43815
-8.49392
-8.4747
-8.46674
-8.45596
-8.4621
-8.47303
-8.43988
-8.46295
-8.45084
-8.48879
-8.46716
-8.44634
-8.46083
-8.44913
-8.44484
-8.45723
-8.4602
-8.46168
-8.48364
-8.45766
-8.4534
-8.44505
-8.45383
-8.45829
-8.45148
-8.4659
-8.43902
-8.45148
-8.49392
-8.45255
-8.44998
-8.46548
-8.47491
-8.49495
-8.47282
-8.48735
-8.4826
-8.46695
-8.4826
-8.47408
-8.48094
-8.47991
-8.49964
-8.48962
-8.49597
-8.50208
-8.51979
-8.51999
-8.50086
-8.53385
-8.49352
-8.52853
-8.54052
-8.52695
-8.54947
-8.54461
-8.55333
-8.54071
-8.54111
-8.55063
-8.55661
-8.58354
-8.56922
-8.58597
-8.60025
-8.59415
-8.5984
-8.64857
-8.64945
-8.62389
-8.6307
-8.66337
-8.66768
-8.69985
-8.67693
-8.68592
-8.69316
-8.70218
-8.73456
-8.75574
-8.73906
-8.75511
-8.75826
-8.79103
-8.81165
-8.80822
-8.83215
-8.84951
-8.84664
-8.87543
-8.88917
-8.87543
-8.91113
-8.897
-8.95273
-8.96699
-8.96636
-8.98745
-9.00135
-9.03563
-9.03682
-9.06566
-9.08057
-9.10986
-9.1382
-9.19573
-9.17792
-9.20854
-9.25282
-9.29753
-9.3242
-9.35842
-9.367
-9.4167
-9.43835
-9.48653
-9.51621
-9.55818
-9.62714
-9.65727
-9.7119
-9.77161
-9.81831
-9.89364
-9.96604
-10.0332
-10.1201
-10.2008
-10.2914
-10.4091
-10.5195
-10.6578
-10.821
-11.0116
-11.2497
-11.5552
-11.9867
-12.5833
-13.4253
-16.6057
