-15.8246
-13.0707
-12.4195
-11.9963
-11.6781
-11.405
-11.1866
-10.9771
-10.8046
-10.6337
-10.4994
-10.3843
-10.2756
-10.1858
-10.1041
-10.0203
-9.93847
-9.8952
-9.82428
-9.77531
-9.70972
-9.66231
-9.61019
-9.57942
-9.52252
-9.4697
-9.45423
-9.41263
-9.36615
-9.33424
-9.30892
-9.2736
-9.23347
-9.21194
-9.18174
-9.17305
-9.14431
-9.11218
-9.09066
-9.08478
-9.07131
-9.03038
-9.00196
-8.99727
-8.98231
-8.95312
-8.93971
-8.92625
-8.88184
-8.8771
-8.87808
-8.85338
-8.83855
-8.83521
-8.80117
-8.78202
-8.78171
-8.79118
-8.76702
-8.74878
-8.77137
-8.69684
-8.71128
-8.71078
-8.69115
-8.67863
-8.65137
-8.66008
-8.66699
-8.6348
-8.63088
-8.63764
-8.61559
-8.58933
-8.61523
-8.61794
-8.57829
-8.58541
-8.56083
-8.57395
-8.53954
-8.53562
-8.53778
-8.54636
-8.53385
-8.54675
-8.52079
-8.52119
-8.5307
-8.51097
-8.51359
-8.4857
-8.49984
-8.49331
-8.49597
-8.4772
-8.49638
-8.46379
-8.50208
-8.45999
-8.49331
-8.47303
-8.46716
-8.4659
-8.46421
-8.45404
-8.42771
-8.45956
-8.45084
-8.46632
-8.44613
-8.45744
-8.42945
-8.44419
-8.4349
-8.44269
-8.44053
-8.42486
-8.42814
-8.44956
-8.422
-8.42792
-8.43923
-8.43902
-8.42068
-8.43815
-8.43381
-8.40738
-8.39548
-8.41627
-8.41737
-8.43577
-8.42024
-8.45766
-8.41671
-8.44247
-8.41582
-8.44634
-8.43707
-8.42508
-8.43076
-8.43229
-8.4551
-8.46905
-8.44376
-8.45723
-8.44827
-8.45702
-8.47387
-8.48219
-8.49188
-8.47783
-8.45893
-8.46758
-8.49597
-8.48094
-8.48797
-8.51399
-8.48488
-8.51899
-8.49719
-8.52576
-8.54364
-8.51879
-8.53621
-8.55256
-8.54617
-8.5483
-8.53621
-8.54422
-8.57998
-8.57187
-8.56713
-8.59711
-8.57791
-8.5796
-8.62245
-8.63052
-8.6505
-8.64629
-8.66699
-8.67676
-8.67778
-8.66991
-8.70001
-8.7126
-8.72323
-8.74719
-8.76437
-8.80567
-8.80478
-8.82409
-8.84951
-8.87445
-8.90041
-8.96149
-8.98469
-9.04582
-9.12576
-9.30365
-9.30365
-9.12576
-9.04582
-8.98469
-8.96149
-8.90041
-8.87445
-8.84951
-8.82409
-8.80478
-8.80567
-8.76437
-8.74719
-8.72323
-8.7126
-8.70001
-8.66991
-8.67778
-8.67676
-8.66699
-8.64629
-8.6505
-8.63052
-8.62245
-8.5796
-8.57791
-8.59711
-8.56713
-8.57187
-8.57998
-8.54422
-8.53621
-8.5483
-8.54617
-8.55256
-8.53621
-8.51879
-8.54364
-8.52576
-8.49719
-8.51899
-8.48488
-8.51399
-8.48797
-8.48094
-8.49597
-8.46758
-8.45893
-8.47783
-8.49188
-8.48219
-8.47387
-8.45702
-8.44827
-8.45723
-8.44376
-8.46905
-8.4551
-8.43229
-8.43076
-8.42508
-8.43707
-8.44634
-8.41582
-8.44247
-8.41671
-8.45766
-8.42024
-8.43577
-8.41737
-8.41627
-8.39548
-8.40738
-8.43381
-8.43815
-8.42068
-8.43902
-8.43923
-8.42792
-8.422
-8.44956
-8.42814
-8.42486
-8.44053
-8.44269
-8.4349
-8.44419
-8.42945
-8.45744
-8.44613
-8.46632
-8.45084
-8.45956
-8.42771
-8.45404
-8.46421
-8.4659
-8.46716
-8.47303
-8.49331
-8.45999
-8.50208
-8.46379
-8.49638
-8.4772
-8.49597
-8.49331
-8.49984
-8.4857
-8.51359
-8.51097
-8.5307
-8.52119
-8.52079
-8.54675
-8.53385
-8.54636
-8.53778
-8.53562
-8.53954
-8.57395
-8.56083
-8.58541
-8.57829
-8.61794
-8.61523
-8.58933
-8.61559
-8.63764
-8.63088
-8.6348
-8.66699
-8.66008
-8.65137
-8.67863
-8.69115
-8.71078
-8.71128
-8.69684
-8.77137
-8.74878
-8.76702
-8.79118
-8.78171
-8.78202
-8.80117
-8.83521
-8.83855
-8.85338
-8.87808
-8.8771
-8.88184
-8.92625
-8.93971
-8.95312
-8.98231
-8.99727
-9.00196
-9.03038
-9.07131
-9.08478
-9.09066
-9.11218
-9.14431
-9.17305
-9.18174
-9.21194
-9.23347
-9.2736
-9.30892
-9.33424
-9.36615
-9.41263
-9.45423
-9.4697
-9.52252
-9.57942
-9.61019
-9.66231
-9.70972
-9.77531
-9.82428
-9.8952
-9.93847
-10.0203
-10.1041
-10.1858
-10.2756
-10.3843
-10.4994
-10.6337
-10.8046
-10.9771
-11.1866
-11.405
-11.6781
-11.9963
-12.4195
-13.0707
-15.8246
