-14.9744
-12.6187
-12.0446
-11.6847
-11.4102
-11.2005
-11.0238
-10.8787
-10.7476
-10.6252
-10.525
-10.4304
-10.3392
-10.2489
-10.1797
-10.093
-10.0456
-9.97948
-9.91175
-9.84993
-9.79004
-9.75162
-9.70376
-9.64517
-9.61774
-9.5808
-9.5359
-9.4857
-9.44731
-9.41508
-9.36203
-9.33318
-9.27678
-9.27397
-9.23132
-9.21732
-9.19106
-9.15999
-9.12989
-9.11702
-9.07921
-9.05742
-9.04664
-9.03217
-9.0027
-8.9703
-8.96521
-8.94611
-8.9068
-8.89357
-8.90273
-8.89055
-8.84044
-8.83157
-8.81329
-8.81433
-8.7977
-8.79785
-8.77617
-8.75511
-8.74656
-8.73247
-8.70666
-8.68677
-8.66337
-8.69701
-8.65782
-8.65973
-8.63124
-8.61957
-8.61378
-8.61432
-8.61378
-8.62083
-8.58429
-8.59988
-8.54617
-8.56674
-8.5614
-8.5413
-8.54071
-8.52457
-8.52615
-8.52218
-8.53739
-8.5033
-8.49311
-8.49188
-8.51138
-8.51719
-8.4974
-8.48776
-8.48157
-8.48673
-8.46968
-8.46485
-8.44977
-8.43098
-8.43728
-8.4242
-8.42705
-8.43707
-8.43663
-8.40916
-8.43468
-8.43663
-8.41094
-8.42134
-8.42156
-8.41538
-8.37977
-8.38868
-8.3483
-8.41339
-8.41005
-8.39435
-8.39435
-8.3864
-8.36614
-8.35019
-8.38366
-8.40894
-8.37632
-8.37954
-8.36893
-8.37977
-8.37678
-8.34783
-8.38252
-8.36451
-8.38708
-8.37931
-8.40738
-8.37263
-8.38229
-8.36031
-8.39435
-8.35279
-8.36985
-8.36264
-8.35185
-8.38366
-8.37309
-8.39163
-8.3717
-8.37378
-8.40738
-8.3673
-8.38023
-8.41228
-8.39367
-8.39299
-8.41161
-8.38594
-8.40581
-8.38594
-8.42727
-8.41094
-8.3957
-8.42112
-8.45063
-8.43142
-8.43815
-8.44053
-8.42945
-8.47031
-8.45404
-8.43966
-8.45681
-8.45447
-8.47241
-8.47261
-8.48011
-8.47512
-8.50188
-8.51419
-8.51158
-8.52238
-8.52932
-8.55159
-8.53798
-8.56694
-8.54013
-8.59323
-8.59896
-8.6183
-8.61921
-8.62101
-8.64576
-8.67317
-8.67948
-8.68677
-8.73069
-8.76951
-8.76312
-8.80807
-8.84188
-8.8985
-8.97765
-9.14217
-9.14217
-8.97765
-8.8985
-8.84188
-8.80807
-8.76312
-8.76951
-8.73069
-8.68677
-8.67948
-8.67317
-8.64576
-8.62101
-8.61921
-8.6183
-8.59896
-8.59323
-8.54013
-8.56694
-8.53798
-8.55159
-8.52932
-8.52238
-8.51158
-8.51419
-8.50188
-8.47512
-8.48011
-8.47261
-8.47241
-8.45447
-8.45681
-8.43966
-8.45404
-8.47031
-8.42945
-8.44053
-8.43815
-8.43142
-8.45063
-8.42112
-8.3957
-8.41094
-8.42727
-8.38594
-8.40581
-8.38594
-8.41161
-8.39299
-8.39367
-8.41228
-8.38023
-8.3673
-8.40738
-8.37378
-8.3717
-8.39163
-8.37309
-8.38366
-8.35185
-8.36264
-8.36985
-8.35279
-8.39435
-8.36031
-8.38229
-8.37263
-8.40738
-8.37931
-8.38708
-8.36451
-8.38252
-8.34783
-8.37678
-8.37977
-8.36893
-8.37954
-8.37632
-8.40894
-8.38366
-8.35019
-8.36614
-8.3864
-8.39435
-8.39435
-8.41005
-8.41339
-8.3483
-8.38868
-8.37977
-8.41538
-8.42156
-8.42134
-8.41094
-8.43663
-8.43468
-8.40916
-8.43663
-8.43707
-8.42705
-8.4242
-8.43728
-8.43098
-8.44977
-8.46485
-8.46968
-8.48673
-8.48157
-8.48776
-8.4974
-8.51719
-8.51138
-8.49188
-8.49311
-8.5033
-8.53739
-8.52218
-8.52615
-8.52457
-8.54071
-8.5413
-8.5614
-8.56674
-8.54617
-8.59988
-8.58429
-8.62083
-8.61378
-8.61432
-8.61378
-8.61957
-8.63124
-8.65973
-8.65782
-8.69701
-8.66337
-8.68677
-8.70666
-8.73247
-8.74656
-8.75511
-8.77617
-8.79785
-8.7977
-8.81433
-8.81329
-8.83157
-8.84044
-8.89055
-8.90273
-8.89357
-8.9068
-8.94611
-8.96521
-8.9703
-9.0027
-9.03217
-9.04664
-9.05742
-9.07921
-9.11702
-9.12989
-9.15999
-9.19106
-9.21732
-9.23132
-9.27397
-9.27678
-9.33318
-9.36203
-9.41508
-9.44731
-9.4857
-9.5359
-9.5808
-9.61774
-9.64517
-9.70376
-9.75162
-9.79004
-9.84993
-9.91175
-9.97948
-10.0456
-10.093
-10.1797
-10.2489
-10.3392
-10.4304
-10.525
-10.6252
-10.7476
-10.8787
-11.0238
-11.2005
-11.4102
-11.6847
-12.0446
-12.6187
-14.9744
