-16.1969
-13.2326
-12.521
-12.0413
-11.6638
-11.3508
-11.0911
-10.8868
-10.7218
-10.5693
-10.4503
-10.3385
-10.244
-10.1515
-10.0785
-9.98636
-9.92
-9.87986
-9.80383
-9.74332
-9.68806
-9.644
-9.58693
-9.55676
-9.50918
-9.49085
-9.44573
-9.41898
-9.38253
-9.34189
-9.31217
-9.27322
-9.24261
-9.22385
-9.20493
-9.16921
-9.12631
-9.11625
-9.09246
-9.08761
-9.08069
-9.04251
-9.03014
-8.9964
-8.96162
-8.97348
-8.94338
-8.91449
-8.88751
-8.91892
-8.87529
-8.86007
-8.83594
-8.84462
-8.80538
-8.82173
-8.78875
-8.79755
-8.78462
-8.74289
-8.76452
-8.73665
-8.72648
-8.73311
-8.72907
-8.70599
-8.66716
-8.67693
-8.65661
-8.6526
-8.6788
-8.63159
-8.63052
-8.62281
-8.63604
-8.62137
-8.5841
-8.6105
-8.58242
-8.58653
-8.56674
-8.59415
-8.57942
-8.5614
-8.55891
-8.54481
-8.56006
-8.5366
-8.53503
-8.52635
-8.53248
-8.53248
-8.5311
-8.51459
-8.51057
-8.47616
-8.49964
-8.47616
-8.51599
-8.50289
-8.49372
-8.47408
-8.47679
-8.49229
-8.48177
-8.49433
-8.44419
-8.47303
-8.46548
-8.44934
-8.45702
-8.48776
-8.45447
-8.46737
-8.45169
-8.45063
-8.47345
-8.46989
-8.45659
-8.48239
-8.45744
-8.47575
-8.44031
-8.43294
-8.4659
-8.46758
-8.44096
-8.42552
-8.46083
-8.45532
-8.45935
-8.44977
-8.45447
-8.45233
-8.46779
-8.46506
-8.46758
-8.48322
-8.48198
-8.47366
-8.47991
-8.48715
-8.48053
-8.49372
-8.45276
-8.46147
-8.48941
-8.47554
-8.51178
-8.50127
-8.51218
-8.49719
-8.51619
-8.48157
-8.52655
-8.52238
-8.54286
-8.5415
-8.54189
-8.55526
-8.55987
-8.53601
-8.54985
-8.56293
-8.5781
-8.55101
-8.59434
-8.57942
-8.62694
-8.58747
-8.60153
-8.60941
-8.61523
-8.63034
-8.63622
-8.65713
-8.64242
-8.65765
-8.69801
-8.69701
-8.70367
-8.71785
-8.74002
-8.74289
-8.75068
-8.77369
-8.80897
-8.79073
-8.83186
-8.85737
-8.88613
-8.86376
-8.91624
-8.94285
-8.96929
-9.00061
-9.03884
-9.10964
-9.1884
-9.37016
-9.37016
-9.1884
-9.10964
-9.03884
-9.00061
-8.96929
-8.94285
-8.91624
-8.86376
-8.88613
-8.85737
-8.83186
-8.79073
-8.80897
-8.77369
-8.75068
-8.74289
-8.74002
-8.71785
-8.70367
-8.69701
-8.69801
-8.65765
-8.64242
-8.65713
-8.63622
-8.63034
-8.61523
-8.60941
-8.60153
-8.58747
-8.62694
-8.57942
-8.59434
-8.55101
-8.5781
-8.56293
-8.54985
-8.53601
-8.55987
-8.55526
-8.54189
-8.5415
-8.54286
-8.52238
-8.52655
-8.48157
-8.51619
-8.49719
-8.51218
-8.50127
-8.51178
-8.47554
-8.48941
-8.46147
-8.45276
-8.49372
-8.48053
-8.48715
-8.47991
-8.47366
-8.48198
-8.48322
-8.46758
-8.46506
-8.46779
-8.45233
-8.45447
-8.44977
-8.45935
-8.45532
-8.46083
-8.42552
-8.44096
-8.46758
-8.4659
-8.43294
-8.44031
-8.47575
-8.45744
-8.48239
-8.45659
-8.46989
-8.47345
-8.45063
-8.45169
-8.46737
-8.45447
-8.48776
-8.45702
-8.44934
-8.46548
-8.47303
-8.44419
-8.49433
-8.48177
-8.49229
-8.47679
-8.47408
-8.49372
-8.50289
-8.51599
-8.47616
-8.49964
-8.47616
-8.51057
-8.51459
-8.5311
-8.53248
-8.53248
-8.52635
-8.53503
-8.5366
-8.56006
-8.54481
-8.55891
-8.5614
-8.57942
-8.59415
-8.56674
-8.58653
-8.58242
-8.6105
-8.5841
-8.62137
-8.63604
-8.62281
-8.63052
-8.63159
-8.6788
-8.6526
-8.65661
-8.67693
-8.66716
-8.70599
-8.72907
-8.73311
-8.72648
-8.73665
-8.76452
-8.74289
-8.78462
-8.79755
-8.78875
-8.82173
-8.80538
-8.84462
-8.83594
-8.86007
-8.87529
-8.91892
-8.88751
-8.91449
-8.94338
-8.97348
-8.96162
-8.9964
-9.03014
-9.04251
-9.08069
-9.08761
-9.09246
-9.11625
-9.12631
-9.16921
-9.20493
-9.22385
-9.24261
-9.27322
-9.31217
-9.34189
-9.38253
-9.41898
-9.44573
-9.49085
-9.50918
-9.55676
-9.58693
-9.644
-9.68806
-9.74332
-9.80383
-9.87986
-9.92
-9.98636
-10.0785
-10.1515
-10.244
-10.3385
-10.4503
-10.5693
-10.7218
-10.8868
-11.0911
-11.3508
-11.6638
-12.0413
-12.521
-13.2326
-16.1969
