-16.6521
-13.4351
-12.5742
-11.9614
-11.5424
-11.2414
-11.0081
-10.8212
-10.6592
-10.5114
-10.4047
-10.2984
-10.195
-10.1156
-10.0214
-9.95275
-9.89091
-9.80676
-9.76543
-9.71002
-9.66637
-9.619
-9.56808
-9.52719
-9.477
-9.42795
-9.40895
-9.37653
-9.36177
-9.29275
-9.28303
-9.25244
-9.20059
-9.18204
-9.17823
-9.1507
-9.12424
-9.09302
-9.07544
-9.03527
-9.04204
-9.01603
-9.00073
-8.96021
-8.95351
-8.93748
-8.91557
-8.91436
-8.90069
-8.87724
-8.86064
-8.84448
-8.84951
-8.82497
-8.80807
-8.7892
-8.76092
-8.76452
-8.77555
-8.72745
-8.70649
-8.7126
-8.70284
-8.69901
-8.68778
-8.6771
-8.66734
-8.66371
-8.65748
-8.65521
-8.63622
-8.63141
-8.63923
-8.6063
-8.59378
-8.6063
-8.58017
-8.58635
-8.59489
-8.57754
-8.56025
-8.54889
-8.57829
-8.55101
-8.55699
-8.53739
-8.52318
-8.51399
-8.50066
-8.50167
-8.53503
-8.48818
-8.51979
-8.48467
-8.51679
-8.4974
-8.50896
-8.50167
-8.49229
-8.47052
-8.47429
-8.47866
-8.46569
-8.47324
-8.48032
-8.48591
-8.47345
-8.48136
-8.47282
-8.46569
-8.46506
-8.4585
-8.45383
-8.46863
-8.46062
-8.44956
-8.45766
-8.43988
-8.44505
-8.42683
-8.44182
-8.45914
-8.48053
-8.47115
-8.45787
-8.45638
-8.46527
-8.48405
-8.45297
-8.45744
-8.44484
-8.46083
-8.46632
-8.468
-8.47679
-8.46506
-8.4487
-8.47073
-8.43858
-8.47178
-8.47741
-8.50795
-8.489
-8.50005
-8.48612
-8.50573
-8.48879
-8.48673
-8.48982
-8.49964
-8.50553
-8.48219
-8.53543
-8.52813
-8.53641
-8.54247
-8.54091
-8.53601
-8.537
-8.56198
-8.54675
-8.55834
-8.57376
-8.57716
-8.59249
-8.56674
-8.57282
-8.6074
-8.61014
-8.63976
-8.62173
-8.61722
-8.64506
-8.64435
-8.67642
-8.68288
-8.6759
-8.70599
-8.704
-8.73279
-8.71539
-8.74735
-8.76358
-8.75542
-8.7774
-8.81091
-8.82805
-8.83054
-8.86362
-8.86248
-8.86954
-8.92585
-8.93709
-8.94624
-9.0011
-9.05952
-9.09347
-9.14868
-9.24522
-9.41279
-9.41279
-9.24522
-9.14868
-9.09347
-9.05952
-9.0011
-8.94624
-8.93709
-8.92585
-8.86954
-8.86248
-8.86362
-8.83054
-8.82805
-8.81091
-8.7774
-8.75542
-8.76358
-8.74735
-8.71539
-8.73279
-8.704
-8.70599
-8.6759
-8.68288
-8.67642
-8.64435
-8.64506
-8.61722
-8.62173
-8.63976
-8.61014
-8.6074
-8.57282
-8.56674
-8.59249
-8.57716
-8.57376
-8.55834
-8.54675
-8.56198
-8.537
-8.53601
-8.54091
-8.54247
-8.53641
-8.52813
-8.53543
-8.48219
-8.50553
-8.49964
-8.48982
-8.48673
-8.48879
-8.50573
-8.48612
-8.50005
-8.489
-8.50795
-8.47741
-8.47178
-8.43858
-8.47073
-8.4487
-8.46506
-8.47679
-8.468
-8.46632
-8.46083
-8.44484
-8.45744
-8.45297
-8.48405
-8.46527
-8.45638
-8.45787
-8.47115
-8.48053
-8.45914
-8.44182
-8.42683
-8.44505
-8.43988
-8.45766
-8.44956
-8.46062
-8.46863
-8.45383
-8.4585
-8.46506
-8.46569
-8.47282
-8.48136
-8.47345
-8.48591
-8.48032
-8.47324
-8.46569
-8.47866
-8.47429
-8.47052
-8.49229
-8.50167
-8.50896
-8.4974
-8.51679
-8.48467
-8.51979
-8.48818
-8.53503
-8.50167
-8.50066
-8.51399
-8.52318
-8.53739
-8.55699
-8.55101
-8.57829
-8.54889
-8.56025
-8.57754
-8.59489
-8.58635
-8.58017
-8.6063
-8.59378
-8.6063
-8.63923
-8.63141
-8.63622
-8.65521
-8.65748
-8.66371
-8.66734
-8.6771
-8.68778
-8.69901
-8.70284
-8.7126
-8.70649
-8.72745
-8.77555
-8.76452
-8.76092
-8.7892
-8.80807
-8.82497
-8.84951
-8.84448
-8.86064
-8.87724
-8.90069
-8.91436
-8.91557
-8.93748
-8.95351
-8.96021
-9.00073
-9.01603
-9.04204
-9.03527
-9.07544
-9.09302
-9.12424
-9.1507
-9.17823
-9.18204
-9.20059
-9.25244
-9.28303
-9.29275
-9.36177
-9.37653
-9.40895
-9.42795
-9.477
-9.52719
-9.56808
-9.619
-9.66637
-9.71002
-9.76543
-9.80676
-9.89091
-9.95275
-10.0214
-10.1156
-10.195
-10.2984
-10.4047
-10.5114
-10.6592
-10.8212
-11.0081
-11.2414
-11.5424
-11.9614
-12.5742
-13.4351
-16.6521
