-16.3193
-13.3209
-12.5894
-12.0665
-11.6579
-11.3167
-11.0704
-10.8685
-10.7025
-10.5649
-10.4318
-10.3168
-10.2141
-10.1405
-10.0507
-9.97334
-9.90184
-9.84723
-9.78544
-9.72556
-9.67753
-9.62417
-9.57018
-9.52398
-9.51562
-9.4514
-9.41938
-9.37237
-9.35807
-9.31839
-9.30073
-9.24542
-9.24416
-9.2013
-9.19523
-9.14761
-9.10886
-9.11019
-9.08148
-9.04794
-9.06114
-9.02208
-9.01785
-8.97601
-8.94272
-8.94949
-8.92319
-8.91032
-8.86362
-8.86446
-8.8639
-8.84635
-8.82306
-8.81537
-8.79679
-8.77539
-8.79679
-8.74894
-8.76608
-8.74066
-8.72907
-8.72599
-8.72729
-8.69701
-8.68592
-8.67266
-8.66233
-8.65696
-8.64471
-8.6771
-8.62981
-8.63657
-8.62461
-8.60886
-8.63052
-8.58429
-8.56541
-8.57187
-8.58111
-8.54442
-8.58223
-8.56331
-8.55333
-8.55718
-8.53267
-8.5568
-8.50633
-8.53425
-8.54325
-8.53031
-8.5035
-8.53031
-8.52833
-8.51339
-8.50127
-8.47741
-8.48756
-8.48115
-8.48198
-8.46569
-8.4659
-8.46485
-8.47887
-8.47491
-8.47554
-8.46316
-8.4487
-8.43793
-8.45659
-8.41914
-8.44161
-8.41737
-8.46316
-8.44891
-8.45999
-8.43142
-8.43185
-8.47595
-8.46379
-8.44269
-8.45766
-8.45212
-8.44827
-8.46337
-8.45681
-8.43923
-8.43142
-8.44182
-8.43923
-8.46947
-8.43033
-8.45105
-8.44784
-8.44247
-8.43446
-8.46358
-8.43381
-8.4659
-8.44677
-8.46253
-8.4502
-8.43923
-8.464
-8.46527
-8.47178
-8.47616
-8.46358
-8.48426
-8.49311
-8.49392
-8.51619
-8.47637
-8.49944
-8.51819
-8.49984
-8.49392
-8.52655
-8.53719
-8.53464
-8.53444
-8.55082
-8.55314
-8.54695
-8.54753
-8.545
-8.57565
-8.55929
-8.57395
-8.56846
-8.59174
-8.62137
-8.59969
-8.58036
-8.60117
-8.6387
-8.65939
-8.65504
-8.6706
-8.68744
-8.71637
-8.69283
-8.72323
-8.72875
-8.73906
-8.75432
-8.774
-8.79149
-8.78048
-8.81537
-8.82541
-8.85224
-8.86884
-8.91368
-8.91624
-8.95442
-9.01335
-9.0405
-9.12337
-9.19847
-9.37348
-9.37348
-9.19847
-9.12337
-9.0405
-9.01335
-8.95442
-8.91624
-8.91368
-8.86884
-8.85224
-8.82541
-8.81537
-8.78048
-8.79149
-8.774
-8.75432
-8.73906
-8.72875
-8.72323
-8.69283
-8.71637
-8.68744
-8.6706
-8.65504
-8.65939
-8.6387
-8.60117
-8.58036
-8.59969
-8.62137
-8.59174
-8.56846
-8.57395
-8.55929
-8.57565
-8.545
-8.54753
-8.54695
-8.55314
-8.55082
-8.53444
-8.53464
-8.53719
-8.52655
-8.49392
-8.49984
-8.51819
-8.49944
-8.47637
-8.51619
-8.49392
-8.49311
-8.48426
-8.46358
-8.47616
-8.47178
-8.46527
-8.464
-8.43923
-8.4502
-8.46253
-8.44677
-8.4659
-8.43381
-8.46358
-8.43446
-8.44247
-8.44784
-8.45105
-8.43033
-8.46947
-8.43923
-8.44182
-8.43142
-8.43923
-8.45681
-8.46337
-8.44827
-8.45212
-8.45766
-8.44269
-8.46379
-8.47595
-8.43185
-8.43142
-8.45999
-8.44891
-8.46316
-8.41737
-8.44161
-8.41914
-8.45659
-8.43793
-8.4487
-8.46316
-8.47554
-8.47491
-8.47887
-8.46485
-8.4659
-8.46569
-8.48198
-8.48115
-8.48756
-8.47741
-8.50127
-8.51339
-8.52833
-8.53031
-8.5035
-8.53031
-8.54325
-8.53425
-8.50633
-8.5568
-8.53267
-8.55718
-8.55333
-8.56331
-8.58223
-8.54442
-8.58111
-8.57187
-8.56541
-8.58429
-8.63052
-8.60886
-8.62461
-8.63657
-8.62981
-8.6771
-8.64471
-8.65696
-8.66233
-8.67266
-8.68592
-8.69701
-8.72729
-8.72599
-8.72907
-8.74066
-8.76608
-8.74894
-8.79679
-8.77539
-8.79679
-8.81537
-8.82306
-8.84635
-8.8639
-8.86446
-8.86362
-8.91032
-8.92319
-8.94949
-8.94272
-8.97601
-9.01785
-9.02208
-9.06114
-9.04794
-9.08148
-9.11019
-9.10886
-9.14761
-9.19523
-9.2013
-9.24416
-9.24542
-9.30073
-9.31839
-9.35807
-9.37237
-9.41938
-9.4514
-9.51562
-9.52398
-9.57018
-9.62417
-9.67753
-9.72556
-9.78544
-9.84723
-9.90184
-9.97334
-10.0507
-10.1405
-10.2141
-10.3168
-10.4318
-10.5649
-10.7025
-10.8685
-11.0704
-11.3167
-11.6579
-12.0665
-12.5894
-13.3209
-16.3193
