-14.6449
-12.4391
-11.8851
-11.5376
-11.2775
-11.0679
-10.9135
-10.7666
-10.6368
-10.5169
-10.4446
-10.3465
-10.262
-10.1871
-10.1158
-10.0368
-9.99031
-9.92828
-9.86641
-9.82553
-9.76486
-9.73554
-9.69523
-9.64212
-9.6073
-9.57672
-9.53741
-9.5001
-9.46599
-9.42811
-9.38731
-9.35565
-9.31875
-9.2978
-9.2671
-9.24946
-9.22128
-9.21264
-9.1582
-9.15884
-9.12598
-9.10331
-9.10631
-9.08874
-9.02087
-9.01918
-9.00663
-8.99417
-8.96865
-8.9293
-8.91718
-8.8911
-8.87696
-8.85166
-8.83113
-8.84072
-8.79921
-8.79407
-8.80297
-8.77817
-8.73392
-8.74082
-8.72794
-8.70715
-8.71735
-8.69801
-8.68101
-8.68135
-8.66025
-8.63746
-8.66095
-8.65242
-8.63141
-8.62712
-8.60061
-8.59988
-8.56025
-8.57546
-8.59026
-8.55198
-8.545
-8.53837
-8.51999
-8.53129
-8.54384
-8.53543
-8.53346
-8.51077
-8.49249
-8.50066
-8.49984
-8.48715
-8.48797
-8.49903
-8.45723
-8.46569
-8.4797
-8.4551
-8.46231
-8.45255
-8.464
-8.42354
-8.43207
-8.44977
-8.42156
-8.41228
-8.42552
-8.43164
-8.42354
-8.41139
-8.39863
-8.39931
-8.42002
-8.41005
-8.39367
-8.39276
-8.4029
-8.38572
-8.36591
-8.39435
-8.38137
-8.38754
-8.37563
-8.38572
-8.37724
-8.36171
-8.36776
-8.38526
-8.38549
-8.39931
-8.35561
-8.3483
-8.38731
-8.3914
-8.38023
-8.39004
-8.3754
-8.40402
-8.39276
-8.36893
-8.36101
-8.33375
-8.40043
-8.37954
-8.36497
-8.37286
-8.40738
-8.35702
-8.40133
-8.39638
-8.39796
-8.38549
-8.39457
-8.35467
-8.40827
-8.40111
-8.40043
-8.38069
-8.40156
-8.39976
-8.40961
-8.42989
-8.42376
-8.4145
-8.44827
-8.44913
-8.44699
-8.42749
-8.43185
-8.43251
-8.44462
-8.46443
-8.4502
-8.46926
-8.46884
-8.49208
-8.51077
-8.48673
-8.53444
-8.49923
-8.52695
-8.52516
-8.53993
-8.56484
-8.58392
-8.56674
-8.6019
-8.61903
-8.60868
-8.65609
-8.62676
-8.67965
-8.69467
-8.71391
-8.73166
-8.79815
-8.77956
-8.87305
-8.96201
-9.10509
-9.10509
-8.96201
-8.87305
-8.77956
-8.79815
-8.73166
-8.71391
-8.69467
-8.67965
-8.62676
-8.65609
-8.60868
-8.61903
-8.6019
-8.56674
-8.58392
-8.56484
-8.53993
-8.52516
-8.52695
-8.49923
-8.53444
-8.48673
-8.51077
-8.49208
-8.46884
-8.46926
-8.4502
-8.46443
-8.44462
-8.43251
-8.43185
-8.42749
-8.44699
-8.44913
-8.44827
-8.4145
-8.42376
-8.42989
-8.40961
-8.39976
-8.40156
-8.38069
-8.40043
-8.40111
-8.40827
-8.35467
-8.39457
-8.38549
-8.39796
-8.39638
-8.40133
-8.35702
-8.40738
-8.37286
-8.36497
-8.37954
-8.40043
-8.33375
-8.36101
-8.36893
-8.39276
-8.40402
-8.3754
-8.39004
-8.38023
-8.3914
-8.38731
-8.3483
-8.35561
-8.39931
-8.38549
-8.38526
-8.36776
-8.36171
-8.37724
-8.38572
-8.37563
-8.38754
-8.38137
-8.39435
-8.36591
-8.38572
-8.4029
-8.39276
-8.39367
-8.41005
-8.42002
-8.39931
-8.39863
-8.41139
-8.42354
-8.43164
-8.42552
-8.41228
-8.42156
-8.44977
-8.43207
-8.42354
-8.464
-8.45255
-8.46231
-8.4551
-8.4797
-8.46569
-8.45723
-8.49903
-8.48797
-8.48715
-8.49984
-8.50066
-8.49249
-8.51077
-8.53346
-8.53543
-8.54384
-8.53129
-8.51999
-8.53837
-8.545
-8.55198
-8.59026
-8.57546
-8.56025
-8.59988
-8.60061
-8.62712
-8.63141
-8.65242
-8.66095
-8.63746
-8.66025
-8.68135
-8.68101
-8.69801
-8.71735
-8.70715
-8.72794
-8.74082
-8.73392
-8.77817
-8.80297
-8.79407
-8.79921
-8.84072
-8.83113
-8.85166
-8.87696
-8.8911
-8.91718
-8.9293
-8.96865
-8.99417
-9.00663
-9.01918
-9.02087
-9.08874
-9.10631
-9.10331
-9.12598
-9.15884
-9.1582
-9.21264
-9.22128
-9.24946
-9.2671
-9.2978
-9.31875
-9.35565
-9.38731
-9.42811
-9.46599
-9.5001
-9.53741
-9.57672
-9.6073
-9.64212
-9.69523
-9.73554
-9.76486
-9.82553
-9.86641
-9.92828
-9.99031
-10.0368
-10.1158
-10.1871
-10.262
-10.3465
-10.4446
-10.5169
-10.6368
-10.7666
-10.9135
-11.0679
-11.2775
-11.5376
-11.8851
-12.4391
-14.6449
