-16.2591
-13.2864
-12.5586
-12.0615
-11.6662
-11.3382
-11.0815
-10.8712
-10.7108
-10.5664
-10.4426
-10.3219
-10.2289
-10.1498
-10.0611
-9.98737
-9.90474
-9.85104
-9.79468
-9.74326
-9.66916
-9.63815
-9.5685
-9.54774
-9.5042
-9.46761
-9.43636
-9.39208
-9.35747
-9.33114
-9.30665
-9.267
-9.21164
-9.21194
-9.18163
-9.1644
-9.12391
-9.1168
-9.11196
-9.08137
-9.03706
-9.01493
-8.99504
-8.99678
-8.96329
-8.94155
-8.89823
-8.91758
-8.90721
-8.88392
-8.87878
-8.85409
-8.84477
-8.78981
-8.79255
-8.80986
-8.77013
-8.7678
-8.76186
-8.73858
-8.72225
-8.76108
-8.71768
-8.70218
-8.66991
-8.68372
-8.66699
-8.68727
-8.67231
-8.65852
-8.65921
-8.64083
-8.62641
-8.60447
-8.596
-8.60795
-8.60685
-8.57187
-8.57829
-8.58691
-8.60117
-8.56446
-8.56446
-8.54071
-8.55101
-8.5452
-8.52912
-8.5413
-8.53719
-8.5307
-8.51379
-8.5309
-8.53169
-8.50167
-8.48364
-8.50025
-8.49679
-8.49167
-8.46716
-8.47616
-8.489
-8.50188
-8.46905
-8.47575
-8.46737
-8.42771
-8.46527
-8.46126
-8.44784
-8.45191
-8.47073
-8.4585
-8.44634
-8.43142
-8.4551
-8.46989
-8.44656
-8.4362
-8.41804
-8.42661
-8.44441
-8.43251
-8.44634
-8.4076
-8.44355
-8.43164
-8.43142
-8.43642
-8.4534
-8.46126
-8.44462
-8.45447
-8.45361
-8.45914
-8.46253
-8.464
-8.44784
-8.46758
-8.43685
-8.45914
-8.45489
-8.46147
-8.47679
-8.46653
-8.45744
-8.47241
-8.46147
-8.48632
-8.468
-8.46884
-8.46189
-8.50936
-8.50654
-8.50045
-8.50309
-8.48053
-8.52714
-8.52714
-8.52318
-8.53425
-8.53523
-8.52576
-8.55641
-8.54578
-8.5656
-8.56217
-8.57829
-8.57791
-8.60245
-8.59693
-8.58691
-8.60795
-8.62479
-8.63016
-8.641
-8.64752
-8.6433
-8.67795
-8.65852
-8.69751
-8.70649
-8.71915
-8.70847
-8.74767
-8.74401
-8.73279
-8.80687
-8.78753
-8.80867
-8.85123
-8.85723
-8.87836
-8.89755
-8.92172
-8.95325
-9.00221
-9.02618
-9.1114
-9.19004
-9.37067
-9.37067
-9.19004
-9.1114
-9.02618
-9.00221
-8.95325
-8.92172
-8.89755
-8.87836
-8.85723
-8.85123
-8.80867
-8.78753
-8.80687
-8.73279
-8.74401
-8.74767
-8.70847
-8.71915
-8.70649
-8.69751
-8.65852
-8.67795
-8.6433
-8.64752
-8.641
-8.63016
-8.62479
-8.60795
-8.58691
-8.59693
-8.60245
-8.57791
-8.57829
-8.56217
-8.5656
-8.54578
-8.55641
-8.52576
-8.53523
-8.53425
-8.52318
-8.52714
-8.52714
-8.48053
-8.50309
-8.50045
-8.50654
-8.50936
-8.46189
-8.46884
-8.468
-8.48632
-8.46147
-8.47241
-8.45744
-8.46653
-8.47679
-8.46147
-8.45489
-8.45914
-8.43685
-8.46758
-8.44784
-8.464
-8.46253
-8.45914
-8.45361
-8.45447
-8.44462
-8.46126
-8.4534
-8.43642
-8.43142
-8.43164
-8.44355
-8.4076
-8.44634
-8.43251
-8.44441
-8.42661
-8.41804
-8.4362
-8.44656
-8.46989
-8.4551
-8.43142
-8.44634
-8.4585
-8.47073
-8.45191
-8.44784
-8.46126
-8.46527
-8.42771
-8.46737
-8.47575
-8.46905
-8.50188
-8.489
-8.47616
-8.46716
-8.49167
-8.49679
-8.50025
-8.48364
-8.50167
-8.53169
-8.5309
-8.51379
-8.5307
-8.53719
-8.5413
-8.52912
-8.5452
-8.55101
-8.54071
-8.56446
-8.56446
-8.60117
-8.58691
-8.57829
-8.57187
-8.60685
-8.60795
-8.596
-8.60447
-8.62641
-8.64083
-8.65921
-8.65852
-8.67231
-8.68727
-8.66699
-8.68372
-8.66991
-8.70218
-8.71768
-8.76108
-8.72225
-8.73858
-8.76186
-8.7678
-8.77013
-8.80986
-8.79255
-8.78981
-8.84477
-8.85409
-8.87878
-8.88392
-8.90721
-8.91758
-8.89823
-8.94155
-8.96329
-8.99678
-8.99504
-9.01493
-9.03706
-9.08137
-9.11196
-9.1168
-9.12391
-9.1644
-9.18163
-9.21194
-9.21164
-9.267
-9.30665
-9.33114
-9.35747
-9.39208
-9.43636
-9.46761
-9.5042
-9.54774
-9.5685
-9.63815
-9.66916
-9.74326
-9.79468
-9.85104
-9.90474
-9.98737
-10.0611
-10.1498
-10.2289
-10.3219
-10.4426
-10.5664
-10.7108
-10.8712
-11.0815
-11.3382
-11.6662
-12.0615
-12.5586
-13.2864
-16.2591
