-14.1108
-12.1786
-11.6599
-11.3232
-11.0793
-10.8889
-10.729
-10.6012
-10.4812
-10.3644
-10.2872
-10.2045
-10.1235
-10.0526
-9.99871
-9.91823
-9.87117
-9.80195
-9.74596
-9.71944
-9.66758
-9.62549
-9.59124
-9.5364
-9.51252
-9.49747
-9.45704
-9.42698
-9.39383
-9.34531
-9.3307
-9.30356
-9.27678
-9.24484
-9.21463
-9.2011
-9.1715
-9.15504
-9.11998
-9.10853
-9.08591
-9.09336
-9.06254
-9.03157
-9.01079
-8.99355
-8.99504
-9.00036
-8.94742
-8.92306
-8.91637
-8.91261
-8.89344
-8.89412
-8.85894
-8.84793
-8.84707
-8.84376
-8.81893
-8.82453
-8.78263
-8.77323
-8.77493
-8.7352
-8.75448
-8.72778
-8.73295
-8.7323
-8.71342
-8.67009
-8.68694
-8.70051
-8.68643
-8.68118
-8.64611
-8.64506
-8.62873
-8.63016
-8.63657
-8.62317
-8.58672
-8.62641
-8.57508
-8.58317
-8.59656
-8.58129
-8.57546
-8.58017
-8.58261
-8.5483
-8.52278
-8.54091
-8.52813
-8.54675
-8.49944
-8.51899
-8.51899
-8.49495
-8.489
-8.50916
-8.48859
-8.48612
-8.47804
-8.47845
-8.49229
-8.44634
-8.44355
-8.48343
-8.47783
-8.43512
-8.45425
-8.4312
-8.42858
-8.44505
-8.44312
-8.42661
-8.41958
-8.42705
-8.41494
-8.39299
-8.41914
-8.42989
-8.41649
-8.42814
-8.42661
-8.40402
-8.39931
-8.3905
-8.43142
-8.40983
-8.42244
-8.39931
-8.41671
-8.40425
-8.41272
-8.4156
-8.40043
-8.41117
-8.3816
-8.42836
-8.40626
-8.37032
-8.39299
-8.41914
-8.39004
-8.37931
-8.4145
-8.40223
-8.41072
-8.42705
-8.40671
-8.42112
-8.41826
-8.39751
-8.42727
-8.41538
-8.46548
-8.42354
-8.42244
-8.43815
-8.4288
-8.45999
-8.47845
-8.43685
-8.45787
-8.46884
-8.45914
-8.46695
-8.48053
-8.47741
-8.48219
-8.49821
-8.47762
-8.48053
-8.51519
-8.49638
-8.51879
-8.51499
-8.53307
-8.52516
-8.53523
-8.56274
-8.59156
-8.58373
-8.58354
-8.56579
-8.61123
-8.61378
-8.6165
-8.63409
-8.65225
-8.67608
-8.69684
-8.71654
-8.75385
-8.78079
-8.80387
-8.86869
-8.94272
-9.06993
-9.06993
-8.94272
-8.86869
-8.80387
-8.78079
-8.75385
-8.71654
-8.69684
-8.67608
-8.65225
-8.63409
-8.6165
-8.61378
-8.61123
-8.56579
-8.58354
-8.58373
-8.59156
-8.56274
-8.53523
-8.52516
-8.53307
-8.51499
-8.51879
-8.49638
-8.51519
-8.48053
-8.47762
-8.49821
-8.48219
-8.47741
-8.48053
-8.46695
-8.45914
-8.46884
-8.45787
-8.43685
-8.47845
-8.45999
-8.4288
-8.43815
-8.42244
-8.42354
-8.46548
-8.41538
-8.42727
-8.39751
-8.41826
-8.42112
-8.40671
-8.42705
-8.41072
-8.40223
-8.4145
-8.37931
-8.39004
-8.41914
-8.39299
-8.37032
-8.40626
-8.42836
-8.3816
-8.41117
-8.40043
-8.4156
-8.41272
-8.40425
-8.41671
-8.39931
-8.42244
-8.40983
-8.43142
-8.3905
-8.39931
-8.40402
-8.42661
-8.42814
-8.41649
-8.42989
-8.41914
-8.39299
-8.41494
-8.42705
-8.41958
-8.42661
-8.44312
-8.44505
-8.42858
-8.4312
-8.45425
-8.43512
-8.47783
-8.48343
-8.44355
-8.44634
-8.49229
-8.47845
-8.47804
-8.48612
-8.48859
-8.50916
-8.489
-8.49495
-8.51899
-8.51899
-8.49944
-8.54675
-8.52813
-8.54091
-8.52278
-8.5483
-8.58261
-8.58017
-8.57546
-8.58129
-8.59656
-8.58317
-8.57508
-8.62641
-8.58672
-8.62317
-8.63657
-8.63016
-8.62873
-8.64506
-8.64611
-8.68118
-8.68643
-8.70051
-8.68694
-8.67009
-8.71342
-8.7323
-8.73295
-8.72778
-8.75448
-8.7352
-8.77493
-8.77323
-8.78263
-8.82453
-8.81893
-8.84376
-8.84707
-8.84793
-8.85894
-8.89412
-8.89344
-8.91261
-8.91637
-8.92306
-8.94742
-9.00036
-8.99504
-8.99355
-9.01079
-9.03157
-9.06254
-9.09336
-9.08591
-9.10853
-9.11998
-9.15504
-9.1715
-9.2011
-9.21463
-9.24484
-9.27678
-9.30356
-9.3307
-9.34531
-9.39383
-9.42698
-9.45704
-9.49747
-9.51252
-9.5364
-9.59124
-9.62549
-9.66758
-9.71944
-9.74596
-9.80195
-9.87117
-9.91823
-9.99871
-10.0526
-10.1235
-10.2045
-10.2872
-10.3644
-10.4812
-10.6012
-10.729
-10.8889
-11.0793
-11.3232
-11.6599
-12.1786
-14.1108
