-15.2207
-12.7547
-12.163
-11.7867
-11.5059
-11.2858
-11.1
-10.9503
-10.8151
-10.6906
-10.574
-10.4734
-10.3688
-10.2869
-10.2038
-10.1074
-10.0448
-9.96147
-9.88761
-9.84977
-9.77087
-9.7079
-9.65265
-9.63574
-9.55591
-9.53568
-9.49024
-9.45101
-9.42084
-9.36572
-9.35019
-9.29982
-9.27987
-9.25397
-9.21234
-9.20059
-9.1644
-9.15398
-9.11976
-9.07932
-9.08046
-9.03515
-9.03432
-9.00945
-8.97335
-8.96725
-8.92983
-8.95325
-8.90544
-8.90463
-8.87515
-8.8465
-8.84837
-8.82144
-8.79057
-8.7924
-8.77509
-8.79498
-8.77215
-8.7529
-8.73456
-8.73633
-8.72128
-8.6893
-8.69584
-8.673
-8.64471
-8.65782
-8.64171
-8.63231
-8.62083
-8.6364
-8.60172
-8.62047
-8.6019
-8.55449
-8.55179
-8.55968
-8.57471
-8.53758
-8.55256
-8.54656
-8.52774
-8.52595
-8.53405
-8.49801
-8.51719
-8.52417
-8.52318
-8.49842
-8.47595
-8.45212
-8.464
-8.45063
-8.44419
-8.46337
-8.44827
-8.45276
-8.43338
-8.4551
-8.44074
-8.42924
-8.42244
-8.44613
-8.4038
-8.44161
-8.42836
-8.422
-8.42836
-8.44656
-8.42288
-8.3848
-8.40066
-8.39118
-8.41294
-8.38114
-8.3957
-8.38069
-8.38252
-8.37471
-8.37471
-8.38708
-8.36614
-8.38458
-8.38046
-8.38389
-8.38343
-8.40961
-8.39728
-8.40021
-8.39998
-8.3957
-8.38114
-8.39954
-8.40066
-8.40223
-8.38503
-8.38731
-8.36428
-8.37632
-8.37286
-8.39886
-8.41317
-8.41605
-8.34948
-8.37954
-8.39525
-8.4156
-8.40358
-8.39457
-8.40514
-8.43294
-8.42156
-8.40447
-8.44053
-8.39208
-8.44505
-8.43793
-8.41472
-8.44225
-8.47282
-8.43966
-8.48177
-8.44312
-8.46337
-8.50289
-8.48219
-8.47429
-8.49208
-8.48879
-8.44634
-8.49249
-8.49085
-8.51158
-8.52198
-8.52397
-8.57111
-8.55718
-8.55237
-8.57641
-8.56636
-8.6105
-8.58691
-8.61323
-8.60685
-8.61178
-8.64435
-8.68761
-8.70268
-8.70781
-8.72745
-8.74878
-8.76546
-8.79118
-8.80852
-8.84491
-8.89151
-8.93893
-9.02039
-9.16618
-9.16618
-9.02039
-8.93893
-8.89151
-8.84491
-8.80852
-8.79118
-8.76546
-8.74878
-8.72745
-8.70781
-8.70268
-8.68761
-8.64435
-8.61178
-8.60685
-8.61323
-8.58691
-8.6105
-8.56636
-8.57641
-8.55237
-8.55718
-8.57111
-8.52397
-8.52198
-8.51158
-8.49085
-8.49249
-8.44634
-8.48879
-8.49208
-8.47429
-8.48219
-8.50289
-8.46337
-8.44312
-8.48177
-8.43966
-8.47282
-8.44225
-8.41472
-8.43793
-8.44505
-8.39208
-8.44053
-8.40447
-8.42156
-8.43294
-8.40514
-8.39457
-8.40358
-8.4156
-8.39525
-8.37954
-8.34948
-8.41605
-8.41317
-8.39886
-8.37286
-8.37632
-8.36428
-8.38731
-8.38503
-8.40223
-8.40066
-8.39954
-8.38114
-8.3957
-8.39998
-8.40021
-8.39728
-8.40961
-8.38343
-8.38389
-8.38046
-8.38458
-8.36614
-8.38708
-8.37471
-8.37471
-8.38252
-8.38069
-8.3957
-8.38114
-8.41294
-8.39118
-8.40066
-8.3848
-8.42288
-8.44656
-8.42836
-8.422
-8.42836
-8.44161
-8.4038
-8.44613
-8.42244
-8.42924
-8.44074
-8.4551
-8.43338
-8.45276
-8.44827
-8.46337
-8.44419
-8.45063
-8.464
-8.45212
-8.47595
-8.49842
-8.52318
-8.52417
-8.51719
-8.49801
-8.53405
-8.52595
-8.52774
-8.54656
-8.55256
-8.53758
-8.57471
-8.55968
-8.55179
-8.55449
-8.6019
-8.62047
-8.60172
-8.6364
-8.62083
-8.63231
-8.64171
-8.65782
-8.64471
-8.673
-8.69584
-8.6893
-8.72128
-8.73633
-8.73456
-8.7529
-8.77215
-8.79498
-8.77509
-8.7924
-8.79057
-8.82144
-8.84837
-8.8465
-8.87515
-8.90463
-8.90544
-8.95325
-8.92983
-8.96725
-8.97335
-9.00945
-9.03432
-9.03515
-9.08046
-9.07932
-9.11976
-9.15398
-9.1644
-9.20059
-9.21234
-9.25397
-9.27987
-9.29982
-9.35019
-9.36572
-9.42084
-9.45101
-9.49024
-9.53568
-9.55591
-9.63574
-9.65265
-9.7079
-9.77087
-9.84977
-9.88761
-9.96147
-10.0448
-10.1074
-10.2038
-10.2869
-10.3688
-10.4734
-10.574
-10.6906
-10.8151
-10.9503
-11.1
-11.2858
-11.5059
-11.7867
-12.163
-12.7547
-15.2207
