-16.6994
-13.459
-12.5852
-11.9557
-11.5349
-11.2308
-11.0093
-10.8141
-10.6557
-10.5119
-10.3966
-10.2914
-10.1829
-10.1025
-10.0262
-9.95404
-9.88573
-9.82919
-9.77252
-9.72161
-9.68608
-9.60083
-9.57109
-9.52267
-9.48372
-9.44975
-9.41026
-9.36615
-9.3426
-9.29542
-9.27397
-9.26379
-9.23308
-9.18461
-9.16461
-9.12631
-9.10842
-9.09122
-9.06056
-9.04334
-9.01821
-9.00159
-9.00319
-8.96763
-8.94975
-8.91382
-8.93049
-8.91328
-8.88807
-8.86588
-8.86291
-8.8413
-8.80777
-8.81478
-8.80777
-8.81031
-8.78829
-8.74815
-8.75321
-8.75715
-8.7421
-8.72907
-8.72193
-8.6945
-8.69751
-8.66837
-8.68101
-8.66974
-8.66285
-8.63764
-8.59693
-8.63888
-8.61794
-8.63657
-8.61794
-8.57904
-8.57754
-8.57054
-8.57942
-8.56255
-8.58186
-8.55275
-8.54772
-8.57168
-8.54052
-8.54889
-8.50553
-8.55237
-8.51519
-8.47366
-8.51859
-8.51999
-8.47679
-8.5033
-8.51238
-8.49883
-8.47387
-8.49167
-8.50249
-8.47031
-8.48343
-8.50512
-8.48488
-8.49126
-8.46105
-8.4551
-8.45127
-8.48219
-8.44031
-8.46548
-8.47637
-8.47991
-8.4621
-8.42727
-8.45574
-8.46737
-8.45723
-8.41936
-8.43338
-8.44677
-8.44913
-8.46274
-8.46147
-8.46989
-8.45127
-8.468
-8.45532
-8.46358
-8.45659
-8.45638
-8.43533
-8.45808
-8.45893
-8.48094
-8.44677
-8.4747
-8.4388
-8.47094
-8.46316
-8.48776
-8.4927
-8.47449
-8.50593
-8.48653
-8.49862
-8.47679
-8.48612
-8.48612
-8.51959
-8.50269
-8.50553
-8.51639
-8.51278
-8.54384
-8.51359
-8.51979
-8.54013
-8.53228
-8.54032
-8.5656
-8.55929
-8.55987
-8.56083
-8.56941
-8.59988
-8.57244
-8.57848
-8.60043
-8.57885
-8.62694
-8.61849
-8.65067
-8.64506
-8.644
-8.68288
-8.65748
-8.69601
-8.68254
-8.69232
-8.72681
-8.74337
-8.7639
-8.76686
-8.78569
-8.7924
-8.81165
-8.81996
-8.80402
-8.84736
-8.90246
-8.90096
-8.91355
-8.9405
-8.96085
-8.99826
-9.06381
-9.08308
-9.1581
-9.23503
-9.431
-9.431
-9.23503
-9.1581
-9.08308
-9.06381
-8.99826
-8.96085
-8.9405
-8.91355
-8.90096
-8.90246
-8.84736
-8.80402
-8.81996
-8.81165
-8.7924
-8.78569
-8.76686
-8.7639
-8.74337
-8.72681
-8.69232
-8.68254
-8.69601
-8.65748
-8.68288
-8.644
-8.64506
-8.65067
-8.61849
-8.62694
-8.57885
-8.60043
-8.57848
-8.57244
-8.59988
-8.56941
-8.56083
-8.55987
-8.55929
-8.5656
-8.54032
-8.53228
-8.54013
-8.51979
-8.51359
-8.54384
-8.51278
-8.51639
-8.50553
-8.50269
-8.51959
-8.48612
-8.48612
-8.47679
-8.49862
-8.48653
-8.50593
-8.47449
-8.4927
-8.48776
-8.46316
-8.47094
-8.4388
-8.4747
-8.44677
-8.48094
-8.45893
-8.45808
-8.43533
-8.45638
-8.45659
-8.46358
-8.45532
-8.468
-8.45127
-8.46989
-8.46147
-8.46274
-8.44913
-8.44677
-8.43338
-8.41936
-8.45723
-8.46737
-8.45574
-8.42727
-8.4621
-8.47991
-8.47637
-8.46548
-8.44031
-8.48219
-8.45127
-8.4551
-8.46105
-8.49126
-8.48488
-8.50512
-8.48343
-8.47031
-8.50249
-8.49167
-8.47387
-8.49883
-8.51238
-8.5033
-8.47679
-8.51999
-8.51859
-8.47366
-8.51519
-8.55237
-8.50553
-8.54889
-8.54052
-8.57168
-8.54772
-8.55275
-8.58186
-8.56255
-8.57942
-8.57054
-8.57754
-8.57904
-8.61794
-8.63657
-8.61794
-8.63888
-8.59693
-8.63764
-8.66285
-8.66974
-8.68101
-8.66837
-8.69751
-8.6945
-8.72193
-8.72907
-8.7421
-8.75715
-8.75321
-8.74815
-8.78829
-8.81031
-8.80777
-8.81478
-8.80777
-8.8413
-8.86291
-8.86588
-8.88807
-8.91328
-8.93049
-8.91382
-8.94975
-8.96763
-9.00319
-9.00159
-9.01821
-9.04334
-9.06056
-9.09122
-9.10842
-9.12631
-9.16461
-9.18461
-9.23308
-9.26379
-9.27397
-9.29542
-9.3426
-9.36615
-9.41026
-9.44975
-9.48372
-9.52267
-9.57109
-9.60083
-9.68608
-9.72161
-9.77252
-9.82919
-9.88573
-9.95404
-10.0262
-10.1025
-10.1829
-10.2914
-10.3966
-10.5119
-10.6557
-10.8141
-11.0093
-11.2308
-11.5349
-11.9557
-12.5852
-13.459
-16.6994
