-16.1098
-13.2065
-12.5164
-12.0551
-11.6925
-11.3791
-11.1243
-10.9119
-10.738
-10.5747
-10.4512
-10.3387
-10.2356
-10.1583
-10.0589
-9.99939
-9.92486
-9.85802
-9.79696
-9.76388
-9.67959
-9.65111
-9.60468
-9.54545
-9.52025
-9.47915
-9.45227
-9.41556
-9.36632
-9.3291
-9.31073
-9.26265
-9.23951
-9.20673
-9.21204
-9.169
-9.1288
-9.10798
-9.10864
-9.08534
-9.06797
-9.01918
-9.01201
-8.99851
-8.96265
-8.95416
-8.9301
-8.90273
-8.87263
-8.87165
-8.85481
-8.86743
-8.83477
-8.82055
-8.81626
-8.76671
-8.79331
-8.79346
-8.76624
-8.75353
-8.74098
-8.71834
-8.70583
-8.70101
-8.68033
-8.67829
-8.66682
-8.64471
-8.67317
-8.66802
-8.66216
-8.64189
-8.64153
-8.6364
-8.60886
-8.60319
-8.57885
-8.59969
-8.57301
-8.5713
-8.57866
-8.54753
-8.58466
-8.5366
-8.53641
-8.53248
-8.54345
-8.54656
-8.54189
-8.52892
-8.51639
-8.50916
-8.49577
-8.51439
-8.50431
-8.49883
-8.49984
-8.46905
-8.47908
-8.47345
-8.45914
-8.47533
-8.4722
-8.46779
-8.46274
-8.47887
-8.42924
-8.45212
-8.48115
-8.45319
-8.42156
-8.45532
-8.4312
-8.4209
-8.4253
-8.46695
-8.44333
-8.44741
-8.44031
-8.44139
-8.43142
-8.44806
-8.44161
-8.42288
-8.46527
-8.45084
-8.45956
-8.42398
-8.48177
-8.45212
-8.39728
-8.45978
-8.44204
-8.42574
-8.46527
-8.45574
-8.41715
-8.45532
-8.44849
-8.46295
-8.47575
-8.43858
-8.45808
-8.46041
-8.4457
-8.47824
-8.45681
-8.45084
-8.48735
-8.47429
-8.50633
-8.48322
-8.48094
-8.50147
-8.50411
-8.49392
-8.50472
-8.51238
-8.48879
-8.51819
-8.51419
-8.53601
-8.5637
-8.51218
-8.56331
-8.53837
-8.59119
-8.54772
-8.60995
-8.58298
-8.59674
-8.57035
-8.58204
-8.61123
-8.63835
-8.61141
-8.64171
-8.66199
-8.6573
-8.68237
-8.68406
-8.69098
-8.71391
-8.74305
-8.74146
-8.73729
-8.78508
-8.78477
-8.79694
-8.8304
-8.81685
-8.85037
-8.89549
-8.90842
-8.9703
-9.00196
-9.02473
-9.11074
-9.18451
-9.35669
-9.35669
-9.18451
-9.11074
-9.02473
-9.00196
-8.9703
-8.90842
-8.89549
-8.85037
-8.81685
-8.8304
-8.79694
-8.78477
-8.78508
-8.73729
-8.74146
-8.74305
-8.71391
-8.69098
-8.68406
-8.68237
-8.6573
-8.66199
-8.64171
-8.61141
-8.63835
-8.61123
-8.58204
-8.57035
-8.59674
-8.58298
-8.60995
-8.54772
-8.59119
-8.53837
-8.56331
-8.51218
-8.5637
-8.53601
-8.51419
-8.51819
-8.48879
-8.51238
-8.50472
-8.49392
-8.50411
-8.50147
-8.48094
-8.48322
-8.50633
-8.47429
-8.48735
-8.45084
-8.45681
-8.47824
-8.4457
-8.46041
-8.45808
-8.43858
-8.47575
-8.46295
-8.44849
-8.45532
-8.41715
-8.45574
-8.46527
-8.42574
-8.44204
-8.45978
-8.39728
-8.45212
-8.48177
-8.42398
-8.45956
-8.45084
-8.46527
-8.42288
-8.44161
-8.44806
-8.43142
-8.44139
-8.44031
-8.44741
-8.44333
-8.46695
-8.4253
-8.4209
-8.4312
-8.45532
-8.42156
-8.45319
-8.48115
-8.45212
-8.42924
-8.47887
-8.46274
-8.46779
-8.4722
-8.47533
-8.45914
-8.47345
-8.47908
-8.46905
-8.49984
-8.49883
-8.50431
-8.51439
-8.49577
-8.50916
-8.51639
-8.52892
-8.54189
-8.54656
-8.54345
-8.53248
-8.53641
-8.5366
-8.58466
-8.54753
-8.57866
-8.5713
-8.57301
-8.59969
-8.57885
-8.60319
-8.60886
-8.6364
-8.64153
-8.64189
-8.66216
-8.66802
-8.67317
-8.64471
-8.66682
-8.67829
-8.68033
-8.70101
-8.70583
-8.71834
-8.74098
-8.75353
-8.76624
-8.79346
-8.79331
-8.76671
-8.81626
-8.82055
-8.83477
-8.86743
-8.85481
-8.87165
-8.87263
-8.90273
-8.9301
-8.95416
-8.96265
-8.99851
-9.01201
-9.01918
-9.06797
-9.08534
-9.10864
-9.10798
-9.1288
-9.169
-9.21204
-9.20673
-9.23951
-9.26265
-9.31073
-9.3291
-9.36632
-9.41556
-9.45227
-9.47915
-9.52025
-9.54545
-9.60468
-9.65111
-9.67959
-9.76388
-9.79696
-9.85802
-9.92486
-9.99939
-10.0589
-10.1583
-10.2356
-10.3387
-10.4512
-10.5747
-10.738
-10.9119
-11.1243
-11.3791
-11.6925
-12.0551
-12.5164
-13.2065
-16.1098
