-15.9278
-13.1229
-12.4583
-12.0236
-11.6873
-11.4039
-11.1653
-10.9505
-10.7777
-10.6085
-10.4901
-10.3652
-10.2762
-10.1771
-10.0827
-10.0065
-9.94155
-9.87045
-9.80709
-9.74303
-9.69554
-9.64808
-9.61079
-9.56836
-9.51562
-9.47317
-9.45509
-9.41099
-9.3728
-9.3307
-9.31136
-9.27191
-9.23601
-9.23054
-9.19391
-9.17658
-9.13346
-9.09043
-9.10786
-9.07898
-9.05789
-9.05052
-9.00369
-8.98256
-8.96954
-8.95532
-8.93248
-8.91274
-8.89508
-8.87975
-8.87165
-8.8568
-8.85166
-8.85123
-8.82908
-8.80147
-8.77925
-8.7834
-8.77028
-8.75337
-8.7456
-8.73649
-8.73601
-8.72128
-8.68118
-8.72079
-8.69918
-8.6632
-8.67573
-8.65137
-8.64682
-8.63711
-8.62335
-8.61068
-8.59619
-8.58336
-8.57546
-8.60374
-8.58635
-8.56274
-8.56598
-8.54656
-8.53798
-8.55487
-8.54461
-8.55776
-8.51479
-8.51519
-8.52437
-8.51158
-8.50228
-8.5037
-8.48859
-8.51138
-8.48921
-8.48032
-8.50147
-8.50492
-8.48591
-8.49167
-8.46527
-8.49984
-8.45596
-8.46905
-8.44913
-8.46632
-8.43533
-8.44376
-8.4429
-8.45638
-8.45935
-8.44505
-8.45702
-8.4502
-8.4312
-8.44053
-8.43185
-8.42661
-8.44913
-8.45468
-8.4288
-8.43707
-8.44634
-8.4472
-8.43858
-8.4401
-8.41605
-8.4145
-8.43858
-8.44441
-8.40916
-8.45978
-8.42222
-8.44527
-8.43098
-8.41228
-8.41671
-8.44656
-8.42661
-8.44247
-8.43381
-8.45404
-8.47595
-8.46674
-8.46062
-8.489
-8.48302
-8.45532
-8.51118
-8.46231
-8.48426
-8.49433
-8.50066
-8.49454
-8.48322
-8.48653
-8.49923
-8.4927
-8.49781
-8.52496
-8.51579
-8.51319
-8.54869
-8.53817
-8.56198
-8.5307
-8.5415
-8.56998
-8.55757
-8.55776
-8.58261
-8.57603
-8.58317
-8.58989
-8.62569
-8.59545
-8.63994
-8.63177
-8.66613
-8.66492
-8.69047
-8.68761
-8.67454
-8.73069
-8.72713
-8.73392
-8.75826
-8.76171
-8.77369
-8.81046
-8.8118
-8.83666
-8.85638
-8.89864
-8.93866
-8.97525
-8.999
-9.07738
-9.14548
-9.34014
-9.34014
-9.14548
-9.07738
-8.999
-8.97525
-8.93866
-8.89864
-8.85638
-8.83666
-8.8118
-8.81046
-8.77369
-8.76171
-8.75826
-8.73392
-8.72713
-8.73069
-8.67454
-8.68761
-8.69047
-8.66492
-8.66613
-8.63177
-8.63994
-8.59545
-8.62569
-8.58989
-8.58317
-8.57603
-8.58261
-8.55776
-8.55757
-8.56998
-8.5415
-8.5307
-8.56198
-8.53817
-8.54869
-8.51319
-8.51579
-8.52496
-8.49781
-8.4927
-8.49923
-8.48653
-8.48322
-8.49454
-8.50066
-8.49433
-8.48426
-8.46231
-8.51118
-8.45532
-8.48302
-8.489
-8.46062
-8.46674
-8.47595
-8.45404
-8.43381
-8.44247
-8.42661
-8.44656
-8.41671
-8.41228
-8.43098
-8.44527
-8.42222
-8.45978
-8.40916
-8.44441
-8.43858
-8.4145
-8.41605
-8.4401
-8.43858
-8.4472
-8.44634
-8.43707
-8.4288
-8.45468
-8.44913
-8.42661
-8.43185
-8.44053
-8.4312
-8.4502
-8.45702
-8.44505
-8.45935
-8.45638
-8.4429
-8.44376
-8.43533
-8.46632
-8.44913
-8.46905
-8.45596
-8.49984
-8.46527
-8.49167
-8.48591
-8.50492
-8.50147
-8.48032
-8.48921
-8.51138
-8.48859
-8.5037
-8.50228
-8.51158
-8.52437
-8.51519
-8.51479
-8.55776
-8.54461
-8.55487
-8.53798
-8.54656
-8.56598
-8.56274
-8.58635
-8.60374
-8.57546
-8.58336
-8.59619
-8.61068
-8.62335
-8.63711
-8.64682
-8.65137
-8.67573
-8.6632
-8.69918
-8.72079
-8.68118
-8.72128
-8.73601
-8.73649
-8.7456
-8.75337
-8.77028
-8.7834
-8.77925
-8.80147
-8.82908
-8.85123
-8.85166
-8.8568
-8.87165
-8.87975
-8.89508
-8.91274
-8.93248
-8.95532
-8.96954
-8.98256
-9.00369
-9.05052
-9.05789
-9.07898
-9.10786
-9.09043
-9.13346
-9.17658
-9.19391
-9.23054
-9.23601
-9.27191
-9.31136
-9.3307
-9.3728
-9.41099
-9.45509
-9.47317
-9.51562
-9.56836
-9.61079
-9.64808
-9.69554
-9.74303
-9.80709
-9.87045
-9.94155
-10.0065
-10.0827
-10.1771
-10.2762
-10.3652
-10.4901
-10.6085
-10.7777
-10.9505
-11.1653
-11.4039
-11.6873
-12.0236
-12.4583
-13.1229
-15.9278
