-15.4228
-12.8482
-12.2429
-11.855
-11.5656
-11.3377
-11.1418
-10.9784
-10.8279
-10.6991
-10.5739
-10.4562
-10.3552
-10.2648
-10.1725
-10.0793
-10.003
-9.92725
-9.86734
-9.80295
-9.74115
-9.69702
-9.64206
-9.60083
-9.54738
-9.50099
-9.45814
-9.4362
-9.4022
-9.36572
-9.33838
-9.30574
-9.26217
-9.25656
-9.19624
-9.2019
-9.16618
-9.1382
-9.09538
-9.09863
-9.07429
-9.06056
-9.02678
-9.00602
-8.98306
-8.97196
-8.9548
-8.94285
-8.91785
-8.90082
-8.87989
-8.87501
-8.85252
-8.82541
-8.80402
-8.81135
-8.79755
-8.79164
-8.75888
-8.74846
-8.71078
-8.74989
-8.71292
-8.71062
-8.69047
-8.69165
-8.67351
-8.68339
-8.6519
-8.6403
-8.63693
-8.63195
-8.6348
-8.63391
-8.60135
-8.58747
-8.55603
-8.55853
-8.5936
-8.57017
-8.55391
-8.54306
-8.54889
-8.55198
-8.52158
-8.53895
-8.52892
-8.52774
-8.51178
-8.51479
-8.49515
-8.47762
-8.49392
-8.45914
-8.47282
-8.48364
-8.46569
-8.46926
-8.49801
-8.45872
-8.46464
-8.44247
-8.43598
-8.44053
-8.44934
-8.41892
-8.43555
-8.44204
-8.43229
-8.41936
-8.40805
-8.41958
-8.42639
-8.42112
-8.4198
-8.39412
-8.39976
-8.39322
-8.41183
-8.40133
-8.40425
-8.4145
-8.4125
-8.38412
-8.4076
-8.39683
-8.38663
-8.41183
-8.43251
-8.40043
-8.38206
-8.41649
-8.42858
-8.40827
-8.40313
-8.40581
-8.3957
-8.41605
-8.3832
-8.42266
-8.42858
-8.42112
-8.4242
-8.41183
-8.38503
-8.41405
-8.43902
-8.43685
-8.44398
-8.44118
-8.45999
-8.4375
-8.45596
-8.43381
-8.45255
-8.45084
-8.4621
-8.47261
-8.46527
-8.45999
-8.47804
-8.47199
-8.48982
-8.47303
-8.48756
-8.48962
-8.50775
-8.50835
-8.49392
-8.51779
-8.53326
-8.51579
-8.53188
-8.51879
-8.55987
-8.5305
-8.5796
-8.58597
-8.60539
-8.58951
-8.60941
-8.62605
-8.64471
-8.62569
-8.6307
-8.64576
-8.67931
-8.69785
-8.70699
-8.74767
-8.751
-8.76717
-8.81299
-8.8238
-8.8708
-8.90504
-8.92026
-8.95261
-9.05812
-9.22108
-9.22108
-9.05812
-8.95261
-8.92026
-8.90504
-8.8708
-8.8238
-8.81299
-8.76717
-8.751
-8.74767
-8.70699
-8.69785
-8.67931
-8.64576
-8.6307
-8.62569
-8.64471
-8.62605
-8.60941
-8.58951
-8.60539
-8.58597
-8.5796
-8.5305
-8.55987
-8.51879
-8.53188
-8.51579
-8.53326
-8.51779
-8.49392
-8.50835
-8.50775
-8.48962
-8.48756
-8.47303
-8.48982
-8.47199
-8.47804
-8.45999
-8.46527
-8.47261
-8.4621
-8.45084
-8.45255
-8.43381
-8.45596
-8.4375
-8.45999
-8.44118
-8.44398
-8.43685
-8.43902
-8.41405
-8.38503
-8.41183
-8.4242
-8.42112
-8.42858
-8.42266
-8.3832
-8.41605
-8.3957
-8.40581
-8.40313
-8.40827
-8.42858
-8.41649
-8.38206
-8.40043
-8.43251
-8.41183
-8.38663
-8.39683
-8.4076
-8.38412
-8.4125
-8.4145
-8.40425
-8.40133
-8.41183
-8.39322
-8.39976
-8.39412
-8.4198
-8.42112
-8.42639
-8.41958
-8.40805
-8.41936
-8.43229
-8.44204
-8.43555
-8.41892
-8.44934
-8.44053
-8.43598
-8.44247
-8.46464
-8.45872
-8.49801
-8.46926
-8.46569
-8.48364
-8.47282
-8.45914
-8.49392
-8.47762
-8.49515
-8.51479
-8.51178
-8.52774
-8.52892
-8.53895
-8.52158
-8.55198
-8.54889
-8.54306
-8.55391
-8.57017
-8.5936
-8.55853
-8.55603
-8.58747
-8.60135
-8.63391
-8.6348
-8.63195
-8.63693
-8.6403
-8.6519
-8.68339
-8.67351
-8.69165
-8.69047
-8.71062
-8.71292
-8.74989
-8.71078
-8.74846
-8.75888
-8.79164
-8.79755
-8.81135
-8.80402
-8.82541
-8.85252
-8.87501
-8.87989
-8.90082
-8.91785
-8.94285
-8.9548
-8.97196
-8.98306
-9.00602
-9.02678
-9.06056
-9.07429
-9.09863
-9.09538
-9.1382
-9.16618
-9.2019
-9.19624
-9.25656
-9.26217
-9.30574
-9.33838
-9.36572
-9.4022
-9.4362
-9.45814
-9.50099
-9.54738
-9.60083
-9.64206
-9.69702
-9.74115
-9.80295
-9.86734
-9.92725
-10.003
-10.0793
-10.1725
-10.2648
-10.3552
-10.4562
-10.5739
-10.6991
-10.8279
-10.9784
-11.1418
-11.3377
-11.5656
-11.855
-12.2429
-12.8482
-15.4228
