-15.7063
-13.0091
-12.3724
-11.9635
-11.6519
-11.4025
-11.1849
-10.9881
-10.8239
-10.6687
-10.5442
-10.4124
-10.2914
-10.214
-10.1215
-10.0397
-9.96147
-9.89354
-9.82957
-9.77509
-9.72967
-9.66447
-9.6126
-9.57102
-9.52479
-9.47401
-9.46265
-9.40508
-9.37628
-9.34575
-9.30674
-9.28443
-9.23796
-9.25014
-9.19157
-9.17513
-9.14921
-9.14013
-9.11295
-9.07589
-9.05847
-9.02846
-9.01954
-9.00577
-8.9629
-8.95622
-8.92625
-8.94338
-8.91328
-8.89027
-8.88281
-8.85623
-8.8304
-8.8238
-8.80657
-8.78585
-8.77044
-8.79482
-8.7405
-8.74273
-8.73761
-8.74385
-8.7294
-8.69366
-8.70351
-8.69634
-8.67727
-8.66734
-8.64682
-8.62802
-8.63976
-8.64945
-8.61867
-8.61178
-8.59637
-8.58784
-8.57565
-8.57754
-8.58429
-8.57035
-8.57622
-8.55082
-8.54208
-8.55641
-8.56006
-8.53267
-8.52417
-8.49556
-8.51779
-8.50106
-8.52019
-8.48115
-8.50106
-8.46968
-8.49699
-8.48653
-8.5037
-8.47366
-8.45084
-8.464
-8.47199
-8.44074
-8.4534
-8.45425
-8.45702
-8.4198
-8.43207
-8.41627
-8.42068
-8.45233
-8.44139
-8.42989
-8.41094
-8.4187
-8.44376
-8.43577
-8.44419
-8.43033
-8.43098
-8.42486
-8.42508
-8.41117
-8.41383
-8.42156
-8.43011
-8.41427
-8.40246
-8.42508
-8.42244
-8.40983
-8.42858
-8.42288
-8.42683
-8.42771
-8.42683
-8.44763
-8.39886
-8.43076
-8.44505
-8.47762
-8.43272
-8.41582
-8.44849
-8.44355
-8.44031
-8.45297
-8.4388
-8.44355
-8.45255
-8.45574
-8.45956
-8.46379
-8.45383
-8.46695
-8.47845
-8.48053
-8.49105
-8.49249
-8.46379
-8.47804
-8.49229
-8.49126
-8.52059
-8.50391
-8.52099
-8.52615
-8.53326
-8.53739
-8.53464
-8.5415
-8.55005
-8.56312
-8.57885
-8.57716
-8.58317
-8.58054
-8.61776
-8.61975
-8.644
-8.6183
-8.64153
-8.66112
-8.65765
-8.6866
-8.69182
-8.71243
-8.73922
-8.7421
-8.74162
-8.79133
-8.78798
-8.80011
-8.83492
-8.84072
-8.89536
-8.92665
-8.97651
-9.03765
-9.11768
-9.29349
-9.29349
-9.11768
-9.03765
-8.97651
-8.92665
-8.89536
-8.84072
-8.83492
-8.80011
-8.78798
-8.79133
-8.74162
-8.7421
-8.73922
-8.71243
-8.69182
-8.6866
-8.65765
-8.66112
-8.64153
-8.6183
-8.644
-8.61975
-8.61776
-8.58054
-8.58317
-8.57716
-8.57885
-8.56312
-8.55005
-8.5415
-8.53464
-8.53739
-8.53326
-8.52615
-8.52099
-8.50391
-8.52059
-8.49126
-8.49229
-8.47804
-8.46379
-8.49249
-8.49105
-8.48053
-8.47845
-8.46695
-8.45383
-8.46379
-8.45956
-8.45574
-8.45255
-8.44355
-8.4388
-8.45297
-8.44031
-8.44355
-8.44849
-8.41582
-8.43272
-8.47762
-8.44505
-8.43076
-8.39886
-8.44763
-8.42683
-8.42771
-8.42683
-8.42288
-8.42858
-8.40983
-8.42244
-8.42508
-8.40246
-8.41427
-8.43011
-8.42156
-8.41383
-8.41117
-8.42508
-8.42486
-8.43098
-8.43033
-8.44419
-8.43577
-8.44376
-8.4187
-8.41094
-8.42989
-8.44139
-8.45233
-8.42068
-8.41627
-8.43207
-8.4198
-8.45702
-8.45425
-8.4534
-8.44074
-8.47199
-8.464
-8.45084
-8.47366
-8.5037
-8.48653
-8.49699
-8.46968
-8.50106
-8.48115
-8.52019
-8.50106
-8.51779
-8.49556
-8.52417
-8.53267
-8.56006
-8.55641
-8.54208
-8.55082
-8.57622
-8.57035
-8.58429
-8.57754
-8.57565
-8.58784
-8.59637
-8.61178
-8.61867
-8.64945
-8.63976
-8.62802
-8.64682
-8.66734
-8.67727
-8.69634
-8.70351
-8.69366
-8.7294
-8.74385
-8.73761
-8.74273
-8.7405
-8.79482
-8.77044
-8.78585
-8.80657
-8.8238
-8.8304
-8.85623
-8.88281
-8.89027
-8.91328
-8.94338
-8.92625
-8.95622
-8.9629
-9.00577
-9.01954
-9.02846
-9.05847
-9.07589
-9.11295
-9.14013
-9.14921
-9.17513
-9.19157
-9.25014
-9.23796
-9.28443
-9.30674
-9.34575
-9.37628
-9.40508
-9.46265
-9.47401
-9.52479
-9.57102
-9.6126
-9.66447
-9.72967
-9.77509
-9.82957
-9.89354
-9.96147
-10.0397
-10.1215
-10.214
-10.2914
-10.4124
-10.5442
-10.6687
-10.8239
-10.9881
-11.1849
-11.4025
-11.6519
-11.9635
-12.3724
-13.0091
-15.7063
