-15.5627
-12.9438
-12.3232
-11.925
-11.6299
-11.3877
-11.1824
-10.9999
-10.8439
-10.6944
-10.5725
-10.4556
-10.3334
-10.2367
-10.1371
-10.0672
-9.97045
-9.91056
-9.84151
-9.79802
-9.71746
-9.67916
-9.62331
-9.5911
-9.54667
-9.49326
-9.46638
-9.43324
-9.36512
-9.34216
-9.31812
-9.28182
-9.25913
-9.22641
-9.19958
-9.17357
-9.14953
-9.11921
-9.08648
-9.07119
-9.07864
-9.0299
-9.02473
-9.0011
-8.9808
-8.9469
-8.91758
-8.91771
-8.89069
-8.88558
-8.87696
-8.86559
-8.84736
-8.82747
-8.817
-8.79845
-8.78768
-8.77956
-8.75731
-8.72988
-8.74846
-8.70781
-8.73327
-8.70384
-8.66665
-8.70201
-8.66492
-8.66371
-8.63444
-8.64136
-8.63159
-8.63231
-8.62029
-8.62155
-8.59526
-8.57035
-8.55776
-8.58242
-8.5568
-8.57433
-8.52952
-8.51659
-8.54559
-8.53405
-8.52615
-8.54071
-8.50593
-8.51979
-8.48818
-8.51178
-8.50936
-8.49433
-8.46968
-8.49577
-8.4621
-8.49495
-8.45787
-8.45361
-8.4976
-8.46168
-8.44827
-8.42967
-8.46758
-8.48115
-8.46253
-8.43945
-8.44031
-8.43902
-8.43685
-8.45468
-8.422
-8.40827
-8.4242
-8.42792
-8.42486
-8.41028
-8.40559
-8.41094
-8.4401
-8.40849
-8.43098
-8.41161
-8.42354
-8.39976
-8.43642
-8.41627
-8.3905
-8.41161
-8.43207
-8.42836
-8.35843
-8.40313
-8.43728
-8.39841
-8.42024
-8.42814
-8.39412
-8.43076
-8.40156
-8.44333
-8.42858
-8.44419
-8.41028
-8.45787
-8.41759
-8.39344
-8.42574
-8.4502
-8.43793
-8.44269
-8.41205
-8.45212
-8.48053
-8.45063
-8.4487
-8.46083
-8.47512
-8.46358
-8.46147
-8.47136
-8.4857
-8.48921
-8.48219
-8.4701
-8.51017
-8.52833
-8.49781
-8.50086
-8.53307
-8.52794
-8.55853
-8.52912
-8.55121
-8.57017
-8.57187
-8.58429
-8.60245
-8.6041
-8.60153
-8.61214
-8.61014
-8.6387
-8.65067
-8.66785
-8.68609
-8.65032
-8.71391
-8.73601
-8.74497
-8.76296
-8.76686
-8.77709
-8.78951
-8.8588
-8.84535
-8.91744
-8.92996
-9.02112
-9.08727
-9.27575
-9.27575
-9.08727
-9.02112
-8.92996
-8.91744
-8.84535
-8.8588
-8.78951
-8.77709
-8.76686
-8.76296
-8.74497
-8.73601
-8.71391
-8.65032
-8.68609
-8.66785
-8.65067
-8.6387
-8.61014
-8.61214
-8.60153
-8.6041
-8.60245
-8.58429
-8.57187
-8.57017
-8.55121
-8.52912
-8.55853
-8.52794
-8.53307
-8.50086
-8.49781
-8.52833
-8.51017
-8.4701
-8.48219
-8.48921
-8.4857
-8.47136
-8.46147
-8.46358
-8.47512
-8.46083
-8.4487
-8.45063
-8.48053
-8.45212
-8.41205
-8.44269
-8.43793
-8.4502
-8.42574
-8.39344
-8.41759
-8.45787
-8.41028
-8.44419
-8.42858
-8.44333
-8.40156
-8.43076
-8.39412
-8.42814
-8.42024
-8.39841
-8.43728
-8.40313
-8.35843
-8.42836
-8.43207
-8.41161
-8.3905
-8.41627
-8.43642
-8.39976
-8.42354
-8.41161
-8.43098
-8.40849
-8.4401
-8.41094
-8.40559
-8.41028
-8.42486
-8.42792
-8.4242
-8.40827
-8.422
-8.45468
-8.43685
-8.43902
-8.44031
-8.43945
-8.46253
-8.48115
-8.46758
-8.42967
-8.44827
-8.46168
-8.4976
-8.45361
-8.45787
-8.49495
-8.4621
-8.49577
-8.46968
-8.49433
-8.50936
-8.51178
-8.48818
-8.51979
-8.50593
-8.54071
-8.52615
-8.53405
-8.54559
-8.51659
-8.52952
-8.57433
-8.5568
-8.58242
-8.55776
-8.57035
-8.59526
-8.62155
-8.62029
-8.63231
-8.63159
-8.64136
-8.63444
-8.66371
-8.66492
-8.70201
-8.66665
-8.70384
-8.73327
-8.70781
-8.74846
-8.72988
-8.75731
-8.77956
-8.78768
-8.79845
-8.817
-8.82747
-8.84736
-8.86559
-8.87696
-8.88558
-8.89069
-8.91771
-8.91758
-8.9469
-8.9808
-9.0011
-9.02473
-9.0299
-9.07864
-9.07119
-9.08648
-9.11921
-9.14953
-9.17357
-9.19958
-9.22641
-9.25913
-9.28182
-9.31812
-9.34216
-9.36512
-9.43324
-9.46638
-9.49326
-9.54667
-9.5911
-9.62331
-9.67916
-9.71746
-9.79802
-9.84151
-9.91056
-9.97045
-10.0672
-10.1371
-10.2367
-10.3334
-10.4556
-10.5725
-10.6944
-10.8439
-10.9999
-11.1824
-11.3877
-11.6299
-11.925
-12.3232
-12.9438
-15.5627
