-16.7402
-13.4676
-12.5674
-11.939
-11.5207
-11.226
-10.9977
-10.8086
-10.6528
-10.5168
-10.4015
-10.2936
-10.1955
-10.1079
-10.0304
-9.943
-9.87385
-9.82027
-9.77996
-9.70217
-9.65957
-9.60804
-9.5669
-9.51915
-9.47532
-9.43228
-9.40063
-9.36743
-9.34295
-9.31109
-9.28061
-9.26284
-9.21712
-9.18019
-9.1715
-9.1474
-9.12815
-9.09381
-9.06335
-9.05579
-9.02546
-8.99603
-9.00332
-8.93932
-8.96111
-8.93984
-8.92132
-8.90748
-8.8922
-8.86729
-8.86163
-8.8452
-8.832
-8.84592
-8.78661
-8.81329
-8.76374
-8.73729
-8.74417
-8.75306
-8.73376
-8.7413
-8.73343
-8.69751
-8.68963
-8.69433
-8.68016
-8.66682
-8.64065
-8.63693
-8.63817
-8.62891
-8.64805
-8.62209
-8.6307
-8.59156
-8.60172
-8.60612
-8.58914
-8.56389
-8.56484
-8.54869
-8.56655
-8.55891
-8.54695
-8.54539
-8.55024
-8.54617
-8.51399
-8.52158
-8.51539
-8.52774
-8.50208
-8.5035
-8.51599
-8.50613
-8.48632
-8.47949
-8.49903
-8.48653
-8.46737
-8.50956
-8.48715
-8.47157
-8.48405
-8.44677
-8.47073
-8.44913
-8.45489
-8.46569
-8.45105
-8.47261
-8.44913
-8.45681
-8.48529
-8.46274
-8.48467
-8.46168
-8.46253
-8.44333
-8.44656
-8.46632
-8.47679
-8.46947
-8.44182
-8.42858
-8.47949
-8.48219
-8.44998
-8.47324
-8.45596
-8.47115
-8.45702
-8.46062
-8.4621
-8.48364
-8.46611
-8.48941
-8.4401
-8.48198
-8.48384
-8.48529
-8.49801
-8.50005
-8.48322
-8.49126
-8.51238
-8.49658
-8.51459
-8.52357
-8.53523
-8.51519
-8.51479
-8.52119
-8.51919
-8.54306
-8.52932
-8.54559
-8.54032
-8.56827
-8.55295
-8.57263
-8.55295
-8.57923
-8.58017
-8.6063
-8.58821
-8.62712
-8.6008
-8.60977
-8.62353
-8.60337
-8.64962
-8.66268
-8.69467
-8.65852
-8.67897
-8.70035
-8.71506
-8.71801
-8.74783
-8.7247
-8.77539
-8.80508
-8.77987
-8.79133
-8.82247
-8.81922
-8.84808
-8.8944
-8.88336
-8.91637
-8.95014
-8.9736
-8.99206
-9.05134
-9.07635
-9.15261
-9.22926
-9.45501
-9.45501
-9.22926
-9.15261
-9.07635
-9.05134
-8.99206
-8.9736
-8.95014
-8.91637
-8.88336
-8.8944
-8.84808
-8.81922
-8.82247
-8.79133
-8.77987
-8.80508
-8.77539
-8.7247
-8.74783
-8.71801
-8.71506
-8.70035
-8.67897
-8.65852
-8.69467
-8.66268
-8.64962
-8.60337
-8.62353
-8.60977
-8.6008
-8.62712
-8.58821
-8.6063
-8.58017
-8.57923
-8.55295
-8.57263
-8.55295
-8.56827
-8.54032
-8.54559
-8.52932
-8.54306
-8.51919
-8.52119
-8.51479
-8.51519
-8.53523
-8.52357
-8.51459
-8.49658
-8.51238
-8.49126
-8.48322
-8.50005
-8.49801
-8.48529
-8.48384
-8.48198
-8.4401
-8.48941
-8.46611
-8.48364
-8.4621
-8.46062
-8.45702
-8.47115
-8.45596
-8.47324
-8.44998
-8.48219
-8.47949
-8.42858
-8.44182
-8.46947
-8.47679
-8.46632
-8.44656
-8.44333
-8.46253
-8.46168
-8.48467
-8.46274
-8.48529
-8.45681
-8.44913
-8.47261
-8.45105
-8.46569
-8.45489
-8.44913
-8.47073
-8.44677
-8.48405
-8.47157
-8.48715
-8.50956
-8.46737
-8.48653
-8.49903
-8.47949
-8.48632
-8.50613
-8.51599
-8.5035
-8.50208
-8.52774
-8.51539
-8.52158
-8.51399
-8.54617
-8.55024
-8.54539
-8.54695
-8.55891
-8.56655
-8.54869
-8.56484
-8.56389
-8.58914
-8.60612
-8.60172
-8.59156
-8.6307
-8.62209
-8.64805
-8.62891
-8.63817
-8.63693
-8.64065
-8.66682
-8.68016
-8.69433
-8.68963
-8.69751
-8.73343
-8.7413
-8.73376
-8.75306
-8.74417
-8.73729
-8.76374
-8.81329
-8.78661
-8.84592
-8.832
-8.8452
-8.86163
-8.86729
-8.8922
-8.90748
-8.92132
-8.93984
-8.96111
-8.93932
-9.00332
-8.99603
-9.02546
-9.05579
-9.06335
-9.09381
-9.12815
-9.1474
-9.1715
-9.18019
-9.21712
-9.26284
-9.28061
-9.31109
-9.34295
-9.36743
-9.40063
-9.43228
-9.47532
-9.51915
-9.5669
-9.60804
-9.65957
-9.70217
-9.77996
-9.82027
-9.87385
-9.943
-10.0304
-10.1079
-10.1955
-10.2936
-10.4015
-10.5168
-10.6528
-10.8086
-10.9977
-11.226
-11.5207
-11.939
-12.5674
-13.4676
-16.7402
