-17.0905
-14.0409
-13.4675
-13.1234
-12.8824
-12.6999
-12.5466
-12.4274
-12.315
-12.2134
-12.109
-12.0137
-11.9136
-11.8017
-11.6938
-11.5707
-11.4348
-11.3154
-11.1827
-11.078
-10.9839
-10.889
-10.8241
-10.7527
-10.6917
-10.621
-10.5627
-10.5087
-10.4688
-10.4292
-10.3636
-10.3185
-10.3005
-10.2469
-10.2077
-10.1785
-10.1408
-10.1101
-10.0718
-10.0496
-10.0197
-9.99465
-9.96279
-9.93319
-9.91413
-9.8952
-9.86817
-9.84007
-9.81329
-9.80687
-9.80129
-9.77917
-9.73649
-9.72925
-9.70723
-9.68533
-9.68396
-9.65317
-9.66821
-9.64245
-9.62668
-9.6178
-9.58974
-9.58562
-9.56598
-9.54245
-9.53741
-9.54417
-9.52164
-9.50673
-9.49755
-9.47792
-9.49454
-9.46846
-9.44533
-9.44525
-9.44604
-9.44754
-9.43652
-9.40443
-9.43364
-9.38849
-9.3969
-9.38202
-9.40681
-9.38387
-9.37484
-9.37059
-9.36965
-9.36521
-9.35885
-9.33891
-9.33944
-9.34268
-9.34207
-9.32901
-9.33212
-9.3226
-9.32278
-9.31758
-9.35132
-9.31109
-9.32892
-9.31937
-9.32304
-9.32304
-9.30201
-9.30982
-9.32018
-9.31803
-9.30365
-9.31154
-9.29542
-9.30183
-9.28758
-9.28795
-9.28693
-9.27847
-9.2766
-9.30265
-9.28275
-9.2834
-9.27266
-9.27753
-9.27884
-9.29404
-9.29404
-9.29164
-9.28952
-9.29404
-9.29349
-9.29487
-9.29385
-9.29578
-9.31091
-9.30783
-9.2885
-9.26993
-9.27416
-9.26293
-9.26265
-9.25951
-9.26719
-9.2636
-9.2487
-9.23786
-9.23757
-9.22671
-9.23737
-9.21094
-9.24155
-9.22158
-9.20623
-9.19887
-9.20271
-9.21473
-9.19279
-9.18225
-9.2012
-9.20301
-9.19533
-9.17937
-9.19157
-9.16806
-9.17606
-9.18942
-9.18809
-9.18881
-9.16806
-9.16398
-9.17678
-9.17004
-9.16754
-9.13917
-9.1602
-9.16889
-9.15271
-9.15048
-9.1717
-9.17129
-9.15271
-9.13021
-9.16189
-9.17046
-9.15789
-9.16639
-9.1601
-9.16251
-9.1772
-9.17087
-9.16993
-9.1885
-9.18881
-9.18379
-9.21324
-9.19908
-9.22877
-9.21084
-9.2397
-9.30119
-9.21672
-9.15926
-9.10064
-9.09189
-9.0667
-9.0386
-9.0275
-9.01857
-8.99094
-8.96954
-8.94872
-8.92917
-8.90951
-8.91247
-8.92612
-8.89371
-8.89151
-8.85823
-8.87151
-8.86376
-8.84058
-8.83536
-8.82114
-8.81403
-8.8115
-8.79376
-8.79891
-8.81195
-8.77137
-8.76904
-8.74513
-8.74082
-8.72664
-8.75179
-8.73472
-8.70947
-8.70434
-8.72079
-8.70384
-8.69818
-8.70151
-8.69115
-8.68067
-8.69232
-8.68237
-8.67659
-8.6606
-8.67812
-8.66112
-8.64822
-8.64997
-8.62137
-8.62209
-8.60831
-8.62515
-8.62065
-8.6387
-8.61613
-8.60337
-8.59249
-8.61849
-8.6019
-8.62119
-8.58653
-8.60282
-8.59249
-8.58765
-8.58504
-8.57678
-8.56846
-8.59489
-8.5485
-8.55564
-8.57338
-8.56408
-8.56255
-8.53837
-8.54636
-8.5307
-8.56389
-8.56312
-8.5307
-8.56217
-8.54656
-8.55641
-8.53543
-8.54345
-8.52952
-8.53208
-8.55737
-8.5543
-8.54733
-8.53543
-8.53758
-8.54481
-8.52734
-8.53405
-8.54208
-8.54403
-8.56541
-8.52576
-8.55545
-8.56293
-8.54032
-8.54539
-8.54792
-8.52813
-8.5541
-8.51959
-8.56044
-8.54539
-8.56503
-8.54578
-8.5614
-8.54325
-8.53621
-8.54985
-8.57073
-8.56331
-8.58204
-8.59452
-8.57678
-8.56827
-8.56408
-8.58747
-8.58523
-8.58279
-8.60575
-8.62587
-8.63106
-8.60153
-8.61432
-8.61975
-8.61975
-8.60594
-8.62155
-8.64277
-8.63657
-8.63426
-8.67625
-8.6625
-8.66008
-8.67693
-8.67642
-8.66441
-8.69668
-8.70151
-8.72128
-8.69601
-8.72062
-8.72356
-8.76092
-8.73906
-8.74066
-8.77756
-8.78386
-8.80267
-8.81626
-8.82262
-8.85951
-8.8439
-8.86064
-8.88031
-8.88225
-8.9068
-8.91099
-8.93682
-8.95571
-8.98005
-8.99032
-9.00159
-9.03074
-9.08217
-9.0808
-9.09066
-9.10919
-9.1491
-9.17357
-9.19948
-9.232
-9.26625
-9.30647
-9.32554
-9.37975
-9.39898
-9.46916
-9.5074
-9.57137
-9.63181
-9.68109
-9.74232
-9.82596
-9.93173
-10.0364
-10.1546
-10.3133
-10.5179
-10.7605
-11.1864
-11.6599
