-16.6877
-13.7632
-13.1907
-12.8402
-12.5877
-12.3899
-12.2417
-12.1064
-11.993
-11.8917
-11.7997
-11.7231
-11.6538
-11.576
-11.4987
-11.4409
-11.3719
-11.3108
-11.2434
-11.1784
-11.0966
-11.025
-10.9601
-10.8817
-10.801
-10.7243
-10.6429
-10.5802
-10.5168
-10.4569
-10.3994
-10.343
-10.3009
-10.2623
-10.2339
-10.1959
-10.1492
-10.1196
-10.0804
-10.0489
-9.99866
-9.98295
-9.9538
-9.9202
-9.91126
-9.87107
-9.84379
-9.83328
-9.80101
-9.77634
-9.7621
-9.74032
-9.72268
-9.67389
-9.688
-9.66014
-9.65419
-9.63815
-9.62701
-9.59812
-9.58135
-9.5713
-9.55506
-9.52559
-9.54
-9.50933
-9.4992
-9.49213
-9.49319
-9.46467
-9.46312
-9.44636
-9.42044
-9.41979
-9.41344
-9.39499
-9.39815
-9.3848
-9.38547
-9.37577
-9.36897
-9.35323
-9.34906
-9.34111
-9.33158
-9.33025
-9.33017
-9.33114
-9.29698
-9.29404
-9.29054
-9.29523
-9.27247
-9.27435
-9.26113
-9.27341
-9.26274
-9.26833
-9.26851
-9.2578
-9.25359
-9.25388
-9.25884
-9.24242
-9.25139
-9.24116
-9.23054
-9.22562
-9.22769
-9.24397
-9.23669
-9.22414
-9.22995
-9.20864
-9.22158
-9.20864
-9.21094
-9.22818
-9.21144
-9.20804
-9.21334
-9.21084
-9.22592
-9.2009
-9.21234
-9.219
-9.20714
-9.22079
-9.20944
-9.21154
-9.20261
-9.21732
-9.22867
-9.21503
-9.2322
-9.21642
-9.22197
-9.19584
-9.21999
-9.19958
-9.18153
-9.18707
-9.16806
-9.18204
-9.17761
-9.16868
-9.16576
-9.16806
-9.1525
-9.17004
-9.15842
-9.16827
-9.14345
-9.13216
-9.14185
-9.11812
-9.12989
-9.11943
-9.12369
-9.12783
-9.13173
-9.11526
-9.1287
-9.10454
-9.12326
-9.13076
-9.11647
-9.11328
-9.11866
-9.09515
-9.10454
-9.12238
-9.09347
-9.11702
-9.13021
-9.10309
-9.10831
-9.10687
-9.12435
-9.09941
-9.09336
-9.10831
-9.10264
-9.12652
-9.11207
-9.10142
-9.11129
-9.11768
-9.13162
-9.12326
-9.1426
-9.12631
-9.13162
-9.14131
-9.16346
-9.16941
-9.17035
-9.19928
-9.2195
-9.26255
-9.19614
-9.12837
-9.0884
-9.06126
-9.03515
-9.00159
-8.9938
-8.97386
-8.93906
-8.95467
-8.91932
-8.91382
-8.89727
-8.89398
-8.85851
-8.8475
-8.85252
-8.86517
-8.82527
-8.86163
-8.81195
-8.81106
-8.79088
-8.76265
-8.78094
-8.76608
-8.76468
-8.74973
-8.7405
-8.72274
-8.75147
-8.72891
-8.72778
-8.72013
-8.70417
-8.68339
-8.67573
-8.69534
-8.6625
-8.6651
-8.67744
-8.66268
-8.64629
-8.63835
-8.63515
-8.65956
-8.64277
-8.63231
-8.62927
-8.62981
-8.63124
-8.60649
-8.58466
-8.62694
-8.59545
-8.57641
-8.61396
-8.60227
-8.59212
-8.56293
-8.59988
-8.57206
-8.58541
-8.56655
-8.5984
-8.55372
-8.54539
-8.58279
-8.56941
-8.56121
-8.57678
-8.55891
-8.5514
-8.5635
-8.55949
-8.55043
-8.54169
-8.53895
-8.56044
-8.54714
-8.54267
-8.54966
-8.52218
-8.54013
-8.52476
-8.53837
-8.53739
-8.52912
-8.54889
-8.52794
-8.53621
-8.53817
-8.53326
-8.52059
-8.5514
-8.51959
-8.55063
-8.52794
-8.53758
-8.52278
-8.55699
-8.51359
-8.53405
-8.51659
-8.54889
-8.55314
-8.537
-8.54675
-8.5635
-8.55853
-8.55526
-8.57225
-8.56006
-8.55043
-8.53188
-8.56674
-8.5543
-8.60006
-8.56408
-8.56121
-8.55891
-8.5713
-8.5781
-8.59007
-8.59137
-8.60539
-8.60667
-8.61105
-8.603
-8.60319
-8.62389
-8.62227
-8.61396
-8.61686
-8.62981
-8.62533
-8.64488
-8.64083
-8.65852
-8.66354
-8.673
-8.68525
-8.66699
-8.67812
-8.70649
-8.69383
-8.71817
-8.72551
-8.72323
-8.76811
-8.74957
-8.74878
-8.7464
-8.78079
-8.77478
-8.79331
-8.80582
-8.83084
-8.84908
-8.85367
-8.87403
-8.86968
-8.87961
-8.8922
-8.91247
-8.93906
-8.95957
-8.97651
-9.00098
-9.01274
-9.01311
-9.04204
-9.06033
-9.09471
-9.09358
-9.12989
-9.16597
-9.184
-9.2196
-9.26303
-9.29643
-9.31127
-9.35729
-9.40278
-9.44002
-9.47922
-9.53155
-9.60184
-9.65771
-9.71087
-9.779
-9.87117
-9.95817
-10.066
-10.1975
-10.3441
-10.5542
-10.8197
-11.228
-11.906
