-16.941
-13.9514
-13.385
-13.0364
-12.7912
-12.6063
-12.4617
-12.3408
-12.2266
-12.127
-12.0316
-11.9449
-11.8658
-11.7764
-11.6889
-11.596
-11.5049
-11.3958
-11.2968
-11.1873
-11.0812
-10.9765
-10.8884
-10.8075
-10.728
-10.6628
-10.6064
-10.5589
-10.4926
-10.4568
-10.4075
-10.3653
-10.3111
-10.2693
-10.2298
-10.1987
-10.1628
-10.1335
-10.0967
-10.0617
-10.0444
-10.0109
-9.97534
-9.95968
-9.91497
-9.91724
-9.88094
-9.86058
-9.82325
-9.81208
-9.79857
-9.78211
-9.75365
-9.73548
-9.70571
-9.69843
-9.68203
-9.67866
-9.66148
-9.62093
-9.62714
-9.614
-9.59825
-9.58087
-9.5729
-9.55662
-9.53784
-9.52186
-9.52566
-9.50517
-9.49107
-9.50525
-9.46638
-9.46491
-9.47032
-9.43468
-9.4525
-9.42988
-9.43963
-9.41238
-9.40022
-9.4003
-9.41238
-9.38101
-9.37915
-9.36888
-9.36186
-9.35773
-9.34967
-9.35764
-9.33574
-9.35071
-9.34871
-9.32117
-9.3283
-9.31911
-9.31928
-9.32018
-9.30973
-9.32937
-9.32652
-9.30756
-9.32224
-9.29615
-9.29247
-9.27322
-9.31479
-9.30401
-9.28052
-9.29257
-9.29954
-9.27491
-9.26776
-9.29275
-9.28108
-9.26502
-9.27303
-9.28665
-9.27049
-9.27275
-9.29496
-9.27059
-9.27191
-9.26398
-9.27575
-9.27332
-9.26833
-9.24754
-9.25177
-9.24696
-9.27575
-9.28117
-9.28071
-9.26492
-9.27809
-9.27378
-9.25493
-9.24908
-9.25474
-9.24937
-9.24793
-9.24397
-9.2399
-9.24145
-9.22049
-9.22197
-9.22602
-9.23034
-9.21861
-9.22296
-9.19462
-9.18891
-9.19065
-9.18554
-9.18307
-9.18953
-9.1937
-9.1885
-9.17813
-9.16743
-9.17926
-9.16973
-9.16607
-9.15662
-9.16691
-9.13562
-9.1544
-9.17926
-9.15493
-9.14963
-9.13809
-9.14868
-9.13734
-9.14836
-9.13734
-9.12989
-9.13927
-9.13572
-9.15144
-9.14463
-9.15091
-9.13927
-9.14174
-9.1442
-9.15926
-9.14399
-9.12924
-9.14644
-9.14889
-9.13777
-9.15282
-9.14377
-9.15705
-9.16848
-9.16524
-9.19685
-9.19898
-9.21493
-9.22867
-9.28089
-9.2017
-9.13745
-9.09974
-9.07429
-9.04629
-9.0216
-9.00221
-8.98757
-8.9736
-8.95635
-8.93353
-8.93459
-8.92519
-8.89041
-8.90436
-8.86827
-8.85979
-8.867
-8.8498
-8.84808
-8.8439
-8.83739
-8.80837
-8.80687
-8.78156
-8.76655
-8.77462
-8.7723
-8.7413
-8.74973
-8.74576
-8.76249
-8.71997
-8.7344
-8.72859
-8.71391
-8.7216
-8.68372
-8.69199
-8.673
-8.69618
-8.71062
-8.65904
-8.6632
-8.66785
-8.65748
-8.65137
-8.67403
-8.64347
-8.63409
-8.6348
-8.65887
-8.62065
-8.61414
-8.61269
-8.62245
-8.61359
-8.61722
-8.59044
-8.5923
-8.59304
-8.59304
-8.57565
-8.59452
-8.56579
-8.56312
-8.60061
-8.57923
-8.57301
-8.57017
-8.55814
-8.58597
-8.55372
-8.61032
-8.59397
-8.55468
-8.54889
-8.55834
-8.55449
-8.5452
-8.56064
-8.5413
-8.54247
-8.55584
-8.56025
-8.53778
-8.51479
-8.51959
-8.52377
-8.53287
-8.53287
-8.50916
-8.54091
-8.54442
-8.54032
-8.54091
-8.54985
-8.55256
-8.54306
-8.52932
-8.54811
-8.53876
-8.53817
-8.54267
-8.50674
-8.53719
-8.55622
-8.54325
-8.5514
-8.53778
-8.55814
-8.56198
-8.55834
-8.52238
-8.56121
-8.54189
-8.56655
-8.56827
-8.5568
-8.55333
-8.56846
-8.57452
-8.59637
-8.57754
-8.5936
-8.59859
-8.58448
-8.61323
-8.58877
-8.61921
-8.59693
-8.61068
-8.61305
-8.62065
-8.63284
-8.64347
-8.62999
-8.6273
-8.67112
-8.64383
-8.67556
-8.67642
-8.65207
-8.66129
-8.68829
-8.67197
-8.67999
-8.70748
-8.75163
-8.75179
-8.73681
-8.72907
-8.73037
-8.76561
-8.79225
-8.78324
-8.7892
-8.82335
-8.81656
-8.83928
-8.86658
-8.85109
-8.86092
-8.88378
-8.89549
-8.92811
-8.93248
-8.95532
-8.96418
-8.97424
-9.0153
-9.02413
-9.06021
-9.06277
-9.10276
-9.08998
-9.15757
-9.16189
-9.20291
-9.22808
-9.26103
-9.2945
-9.3275
-9.36048
-9.38882
-9.46297
-9.50338
-9.57234
-9.62609
-9.68191
-9.74882
-9.83954
-9.92852
-10.0374
-10.1613
-10.3219
-10.5077
-10.7849
-11.1913
-11.7551
