-16.344
-13.5475
-12.974
-12.6176
-12.369
-12.1722
-12.0123
-11.8709
-11.757
-11.65
-11.5581
-11.4771
-11.4095
-11.3373
-11.2747
-11.2195
-11.1529
-11.1091
-11.0609
-11.0061
-10.9593
-10.9078
-10.8669
-10.8226
-10.7728
-10.7279
-10.6899
-10.6296
-10.5864
-10.54
-10.493
-10.4423
-10.3887
-10.3405
-10.2834
-10.251
-10.1906
-10.1488
-10.0951
-10.0693
-10.0334
-9.98884
-9.96242
-9.92152
-9.90058
-9.86521
-9.83247
-9.81159
-9.78886
-9.7656
-9.74975
-9.72262
-9.69529
-9.69264
-9.65342
-9.63194
-9.61019
-9.6073
-9.58225
-9.57706
-9.55009
-9.53264
-9.52003
-9.49424
-9.48479
-9.49597
-9.46738
-9.45219
-9.43116
-9.43036
-9.39649
-9.38379
-9.38807
-9.36623
-9.37797
-9.33865
-9.35375
-9.34653
-9.32152
-9.3209
-9.30765
-9.30155
-9.28823
-9.29972
-9.29238
-9.2598
-9.26018
-9.26113
-9.27716
-9.2429
-9.24087
-9.22965
-9.21413
-9.22434
-9.21363
-9.20251
-9.22019
-9.19746
-9.21094
-9.19746
-9.19563
-9.19431
-9.18769
-9.18922
-9.20019
-9.18389
-9.15789
-9.16398
-9.15757
-9.17285
-9.17699
-9.16691
-9.15356
-9.16126
-9.15652
-9.15652
-9.13097
-9.13927
-9.12978
-9.14313
-9.13432
-9.1368
-9.16073
-9.14238
-9.12978
-9.13863
-9.13702
-9.13421
-9.12326
-9.13454
-9.13745
-9.14751
-9.14302
-9.14505
-9.14045
-9.14655
-9.13303
-9.13605
-9.13906
-9.14452
-9.13389
-9.11812
-9.10875
-9.11987
-9.09661
-9.10342
-9.09594
-9.10676
-9.10075
-9.09189
-9.09268
-9.08057
-9.08693
-9.05998
-9.07818
-9.07624
-9.0608
-9.06958
-9.0601
-9.05952
-9.05486
-9.07406
-9.07555
-9.05369
-9.0682
-9.06474
-9.04947
-9.05216
-9.03587
-9.04606
-9.05275
-9.03396
-9.05322
-9.0477
-9.04947
-9.05649
-9.05017
-9.04676
-9.03872
-9.05427
-9.05998
-9.06219
-9.02099
-9.06809
-9.05357
-9.05334
-9.0587
-9.06785
-9.08012
-9.09504
-9.07635
-9.08296
-9.10264
-9.09907
-9.11383
-9.1354
-9.134
-9.1543
-9.16534
-9.227
-9.16126
-9.07223
-9.05298
-9.0263
-8.98957
-8.98281
-8.96214
-8.94442
-8.92119
-8.92119
-8.90477
-8.86503
-8.86418
-8.84851
-8.83084
-8.83696
-8.81907
-8.81314
-8.7889
-8.80597
-8.79725
-8.78033
-8.78416
-8.76312
-8.76077
-8.7592
-8.74672
-8.72339
-8.73424
-8.71012
-8.71948
-8.69031
-8.6945
-8.67488
-8.68677
-8.7045
-8.67488
-8.67573
-8.6625
-8.62263
-8.65295
-8.61486
-8.65469
-8.63586
-8.63337
-8.63976
-8.59471
-8.61921
-8.62047
-8.6165
-8.58653
-8.6105
-8.58148
-8.59471
-8.58635
-8.57716
-8.57622
-8.57452
-8.57263
-8.56674
-8.57885
-8.5696
-8.58073
-8.54247
-8.55757
-8.545
-8.56674
-8.54695
-8.54111
-8.53011
-8.54675
-8.54228
-8.53385
-8.52079
-8.51899
-8.56121
-8.53011
-8.53326
-8.53484
-8.51739
-8.5307
-8.53974
-8.54597
-8.52496
-8.54559
-8.52695
-8.52734
-8.51359
-8.56083
-8.52357
-8.51158
-8.52337
-8.52258
-8.52991
-8.51719
-8.54306
-8.51979
-8.52258
-8.54733
-8.51319
-8.5366
-8.53425
-8.52615
-8.51057
-8.54422
-8.51599
-8.5514
-8.54811
-8.54442
-8.53366
-8.53385
-8.54636
-8.52218
-8.53974
-8.55159
-8.56922
-8.56998
-8.54539
-8.57073
-8.56159
-8.5415
-8.57054
-8.56064
-8.57848
-8.5796
-8.59119
-8.57942
-8.61232
-8.60392
-8.58466
-8.60923
-8.60703
-8.61541
-8.62605
-8.63106
-8.61159
-8.63195
-8.65207
-8.65904
-8.66802
-8.66458
-8.65956
-8.69918
-8.68727
-8.67094
-8.70483
-8.71866
-8.73198
-8.74688
-8.74783
-8.75337
-8.77013
-8.76608
-8.79361
-8.80672
-8.80207
-8.82129
-8.8452
-8.87459
-8.84722
-8.88475
-8.88682
-8.89508
-8.90191
-8.92612
-8.96354
-8.96636
-8.98969
-9.02148
-9.02461
-9.02942
-9.05579
-9.09313
-9.10409
-9.12424
-9.15873
-9.1774
-9.21543
-9.22926
-9.27697
-9.31677
-9.35036
-9.37856
-9.40607
-9.4466
-9.49221
-9.56198
-9.62754
-9.67345
-9.72574
-9.79818
-9.89359
-9.99693
-10.1111
-10.2307
-10.3816
-10.5745
-10.8484
-11.278
-12.0985
