-16.789
-13.8186
-13.2377
-12.8855
-12.6365
-12.4401
-12.2767
-12.1438
-12.0231
-11.9271
-11.8295
-11.7524
-11.6655
-11.5873
-11.5151
-11.4366
-11.366
-11.2917
-11.2149
-11.1335
-11.0509
-10.9623
-10.8755
-10.8077
-10.7222
-10.645
-10.5814
-10.5109
-10.4518
-10.4078
-10.3499
-10.3073
-10.2748
-10.2255
-10.1869
-10.1514
-10.123
-10.0711
-10.048
-10.0169
-9.99273
-9.9651
-9.93363
-9.90852
-9.87863
-9.85156
-9.82065
-9.81017
-9.78701
-9.77446
-9.74443
-9.72925
-9.69048
-9.68203
-9.66821
-9.65175
-9.62898
-9.6134
-9.61334
-9.58376
-9.58073
-9.56233
-9.54624
-9.54115
-9.51059
-9.50323
-9.49499
-9.48357
-9.48888
-9.45579
-9.45117
-9.44066
-9.43148
-9.42642
-9.42076
-9.39124
-9.38706
-9.37932
-9.36443
-9.36546
-9.35314
-9.36769
-9.33123
-9.34075
-9.33088
-9.32732
-9.30865
-9.31749
-9.30747
-9.30501
-9.29063
-9.28229
-9.29044
-9.27491
-9.26663
-9.27949
-9.26908
-9.28052
-9.27632
-9.24145
-9.26208
-9.2431
-9.25665
-9.24946
-9.25167
-9.24677
-9.23318
-9.22424
-9.24271
-9.23044
-9.22592
-9.23161
-9.20039
-9.23494
-9.22995
-9.22503
-9.21094
-9.19999
-9.22197
-9.21094
-9.20974
-9.22237
-9.20221
-9.22464
-9.22395
-9.21861
-9.22867
-9.22118
-9.21373
-9.21463
-9.22336
-9.21483
-9.24048
-9.24145
-9.243
-9.2195
-9.19482
-9.22759
-9.20764
-9.21244
-9.19167
-9.21234
-9.20533
-9.19269
-9.18153
-9.18143
-9.17316
-9.17782
-9.16868
-9.17937
-9.16283
-9.14302
-9.15451
-9.13938
-9.149
-9.15726
-9.14995
-9.14505
-9.12663
-9.14078
-9.15324
-9.13465
-9.12402
-9.12761
-9.13216
-9.12554
-9.1287
-9.11306
-9.13097
-9.12783
-9.13043
-9.10331
-9.09583
-9.08682
-9.11976
-9.11482
-9.13097
-9.12413
-9.1226
-9.12946
-9.11482
-9.1238
-9.12271
-9.13443
-9.13766
-9.12674
-9.11173
-9.11526
-9.14985
-9.1507
-9.12902
-9.13884
-9.14751
-9.16377
-9.17285
-9.18983
-9.19543
-9.20844
-9.23367
-9.2687
-9.19085
-9.13669
-9.09392
-9.07521
-9.0342
-9.02594
-9.00675
-8.97234
-8.97259
-8.96495
-8.93997
-8.93788
-8.90964
-8.89823
-8.88834
-8.87487
-8.87431
-8.86121
-8.84707
-8.84765
-8.82409
-8.832
-8.79528
-8.80553
-8.79604
-8.78462
-8.774
-8.76312
-8.76405
-8.72437
-8.73906
-8.75227
-8.75794
-8.71932
-8.73117
-8.71358
-8.71801
-8.6935
-8.69801
-8.69684
-8.67727
-8.6935
-8.69098
-8.68474
-8.65067
-8.67249
-8.65347
-8.66561
-8.6759
-8.63159
-8.65382
-8.62047
-8.60282
-8.58073
-8.61414
-8.59119
-8.63746
-8.62784
-8.6165
-8.60465
-8.59877
-8.61704
-8.58597
-8.58597
-8.58896
-8.56446
-8.58336
-8.5677
-8.56408
-8.54869
-8.57904
-8.55929
-8.54597
-8.58036
-8.53444
-8.59137
-8.54656
-8.55584
-8.55449
-8.5713
-8.55872
-8.56941
-8.53856
-8.56159
-8.52595
-8.50916
-8.52853
-8.54985
-8.55584
-8.5413
-8.53366
-8.53188
-8.55314
-8.545
-8.51298
-8.55795
-8.5368
-8.57244
-8.55526
-8.53444
-8.52337
-8.5732
-8.54384
-8.56236
-8.55217
-8.54071
-8.54403
-8.55082
-8.55699
-8.55507
-8.54461
-8.59785
-8.5796
-8.5366
-8.56522
-8.55661
-8.58597
-8.56884
-8.56579
-8.57282
-8.58858
-8.5884
-8.58541
-8.59341
-8.56541
-8.58504
-8.60886
-8.58802
-8.61957
-8.60245
-8.60465
-8.62981
-8.62281
-8.65782
-8.64206
-8.62641
-8.66544
-8.66268
-8.68101
-8.67897
-8.68913
-8.66647
-8.67829
-8.70001
-8.68609
-8.69751
-8.73166
-8.73376
-8.72453
-8.73182
-8.77786
-8.76717
-8.79376
-8.77848
-8.79679
-8.79996
-8.83652
-8.82952
-8.86376
-8.8508
-8.8663
-8.87024
-8.88211
-8.90191
-8.93893
-8.94259
-8.9647
-8.97563
-8.98382
-9.01226
-9.04239
-9.06346
-9.0587
-9.09414
-9.11812
-9.14441
-9.1805
-9.19248
-9.23142
-9.26056
-9.29532
-9.32706
-9.35106
-9.40862
-9.44786
-9.47616
-9.53423
-9.60218
-9.64763
-9.72328
-9.78397
-9.86677
-9.95741
-10.0637
-10.1981
-10.3434
-10.5328
-10.8109
-11.2237
-11.8514
