-17.0213
-13.9905
-13.4191
-13.0719
-12.8258
-12.6411
-12.4854
-12.3603
-12.2541
-12.154
-12.057
-11.964
-11.8797
-11.7786
-11.6822
-11.5745
-11.4649
-11.3499
-11.2305
-11.1188
-11.0112
-10.9122
-10.8335
-10.7665
-10.6905
-10.6357
-10.5738
-10.5235
-10.4747
-10.4221
-10.3731
-10.3396
-10.2912
-10.2553
-10.2111
-10.1687
-10.1459
-10.105
-10.0761
-10.0476
-10.0247
-9.9988
-9.95617
-9.93654
-9.89953
-9.88507
-9.87251
-9.83467
-9.82612
-9.81038
-9.77554
-9.75074
-9.74678
-9.74167
-9.71974
-9.69634
-9.68053
-9.65535
-9.6473
-9.63404
-9.62371
-9.61293
-9.58857
-9.57665
-9.56233
-9.54788
-9.54374
-9.5372
-9.5204
-9.49462
-9.48699
-9.49039
-9.46459
-9.44841
-9.46397
-9.44225
-9.44486
-9.43923
-9.40976
-9.41344
-9.41304
-9.40071
-9.38966
-9.37696
-9.38631
-9.35954
-9.36649
-9.35721
-9.36512
-9.361
-9.35867
-9.35695
-9.34705
-9.34557
-9.33273
-9.33176
-9.33158
-9.31587
-9.31973
-9.35028
-9.32483
-9.31893
-9.30747
-9.2956
-9.29063
-9.3041
-9.30856
-9.27285
-9.29321
-9.28906
-9.28257
-9.3061
-9.27566
-9.27949
-9.28813
-9.27444
-9.29229
-9.28452
-9.25884
-9.2933
-9.27931
-9.27594
-9.28396
-9.27078
-9.28526
-9.28869
-9.27977
-9.25884
-9.2766
-9.25942
-9.27181
-9.286
-9.29413
-9.30064
-9.3021
-9.29487
-9.28795
-9.27725
-9.26379
-9.25579
-9.25273
-9.23435
-9.25846
-9.23737
-9.24735
-9.22916
-9.22079
-9.24058
-9.21114
-9.22168
-9.20734
-9.20944
-9.19857
-9.20291
-9.1934
-9.18646
-9.18029
-9.19218
-9.17998
-9.1882
-9.1938
-9.17957
-9.16513
-9.18533
-9.17264
-9.15747
-9.16136
-9.16555
-9.14441
-9.15218
-9.1507
-9.15799
-9.15525
-9.15631
-9.16251
-9.13249
-9.14846
-9.15261
-9.13486
-9.15176
-9.14719
-9.15726
-9.14003
-9.1397
-9.14527
-9.1621
-9.16806
-9.14815
-9.16513
-9.15483
-9.18379
-9.17709
-9.18328
-9.17792
-9.18697
-9.19197
-9.20744
-9.23406
-9.24474
-9.28238
-9.22128
-9.15483
-9.11658
-9.07978
-9.05602
-9.03157
-9.01372
-9.00442
-8.97538
-8.94885
-8.96444
-8.92784
-8.92625
-8.89577
-8.89686
-8.88558
-8.87333
-8.87627
-8.85409
-8.85224
-8.8204
-8.84923
-8.80777
-8.7892
-8.80702
-8.78156
-8.78109
-8.79209
-8.76358
-8.75463
-8.74926
-8.75841
-8.72062
-8.7167
-8.72681
-8.73745
-8.72924
-8.68761
-8.69081
-8.69801
-8.69316
-8.69601
-8.67812
-8.67778
-8.68997
-8.66561
-8.65678
-8.67693
-8.66716
-8.65539
-8.65782
-8.64435
-8.63976
-8.62963
-8.60923
-8.61903
-8.62748
-8.62101
-8.60465
-8.60941
-8.58877
-8.58653
-8.59415
-8.59341
-8.57998
-8.59877
-8.59545
-8.5635
-8.56312
-8.56006
-8.55699
-8.57301
-8.56427
-8.55987
-8.57866
-8.57452
-8.55641
-8.57054
-8.58092
-8.54247
-8.53739
-8.55661
-8.5485
-8.54695
-8.52298
-8.54539
-8.55043
-8.54714
-8.55872
-8.51699
-8.54539
-8.51899
-8.52397
-8.56178
-8.54384
-8.55699
-8.54189
-8.55101
-8.52298
-8.55564
-8.5311
-8.56865
-8.5413
-8.53011
-8.53895
-8.54403
-8.52516
-8.54578
-8.54559
-8.54267
-8.54792
-8.56274
-8.56903
-8.54772
-8.57565
-8.55795
-8.56636
-8.54636
-8.58653
-8.56694
-8.58167
-8.56846
-8.58054
-8.58914
-8.6052
-8.56922
-8.59508
-8.57866
-8.58111
-8.59249
-8.58877
-8.63391
-8.62011
-8.62694
-8.64365
-8.64927
-8.62371
-8.65521
-8.65382
-8.65469
-8.65921
-8.67471
-8.694
-8.68879
-8.70234
-8.70068
-8.72437
-8.70616
-8.69383
-8.74337
-8.74576
-8.75195
-8.75637
-8.75668
-8.79558
-8.78859
-8.78125
-8.8173
-8.83215
-8.84549
-8.85281
-8.86178
-8.86305
-8.89412
-8.90585
-8.91825
-8.93997
-8.95467
-8.96034
-8.99492
-9.00639
-9.02834
-9.06068
-9.05486
-9.10964
-9.12989
-9.12173
-9.17326
-9.20573
-9.23708
-9.25263
-9.29514
-9.31928
-9.37594
-9.42368
-9.46955
-9.50346
-9.57693
-9.61893
-9.6885
-9.76054
-9.84384
-9.92813
-10.0388
-10.1617
-10.3164
-10.5141
-10.776
-11.1931
-11.705
