-16.5848
-13.6988
-13.1208
-12.768
-12.5192
-12.3228
-12.1658
-12.0293
-11.9178
-11.8161
-11.7288
-11.6513
-11.574
-11.5088
-11.4422
-11.3727
-11.314
-11.2601
-11.1939
-11.1301
-11.0739
-11.0173
-10.9598
-10.8973
-10.8194
-10.7602
-10.6867
-10.6207
-10.5537
-10.483
-10.4295
-10.3771
-10.3231
-10.2677
-10.2237
-10.1931
-10.1549
-10.1164
-10.0751
-10.0283
-10.015
-9.98691
-9.95428
-9.9272
-9.89379
-9.86672
-9.85267
-9.82989
-9.80758
-9.76938
-9.76094
-9.74014
-9.72185
-9.69165
-9.6911
-9.64413
-9.62556
-9.62595
-9.60319
-9.58994
-9.56948
-9.56584
-9.54072
-9.5372
-9.51022
-9.50099
-9.47754
-9.48714
-9.46731
-9.44533
-9.43276
-9.43172
-9.41532
-9.42851
-9.40582
-9.37645
-9.38656
-9.37653
-9.36383
-9.36435
-9.34897
-9.32322
-9.33114
-9.32519
-9.32688
-9.3071
-9.30283
-9.31
-9.28275
-9.27959
-9.28024
-9.26748
-9.25636
-9.25455
-9.25579
-9.26502
-9.25273
-9.23288
-9.25014
-9.24426
-9.24213
-9.24009
-9.2397
-9.23024
-9.23259
-9.23112
-9.22975
-9.21044
-9.21493
-9.22877
-9.21393
-9.20904
-9.20039
-9.19756
-9.20834
-9.19146
-9.20643
-9.1934
-9.18471
-9.19584
-9.17895
-9.19847
-9.2011
-9.17087
-9.18687
-9.17243
-9.19482
-9.19776
-9.20924
-9.18993
-9.16837
-9.20322
-9.2012
-9.20724
-9.20774
-9.19908
-9.18359
-9.19807
-9.1936
-9.17181
-9.16785
-9.17523
-9.17471
-9.16398
-9.13852
-9.15271
-9.15989
-9.1368
-9.13702
-9.13551
-9.13368
-9.13519
-9.1191
-9.11855
-9.12935
-9.1226
-9.13
-9.11866
-9.10053
-9.10487
-9.11888
-9.11416
-9.11801
-9.10598
-9.12184
-9.10086
-9.08885
-9.11185
-9.07841
-9.08489
-9.08829
-9.07943
-9.10097
-9.10298
-9.09874
-9.10875
-9.09863
-9.09549
-9.09111
-9.09639
-9.10631
-9.08466
-9.07772
-9.08964
-9.10186
-9.08568
-9.08625
-9.1146
-9.125
-9.10653
-9.12107
-9.12522
-9.13895
-9.1288
-9.125
-9.16451
-9.17967
-9.18584
-9.21791
-9.25799
-9.18861
-9.12891
-9.06693
-9.07085
-9.04499
-9.00307
-8.99715
-8.97601
-8.95442
-8.91852
-8.94168
-8.90869
-8.87975
-8.88779
-8.87501
-8.86517
-8.82144
-8.84405
-8.82262
-8.80927
-8.80267
-8.78798
-8.81922
-8.78661
-8.78202
-8.77416
-8.75179
-8.7592
-8.76764
-8.72258
-8.74449
-8.71078
-8.70351
-8.71407
-8.70168
-8.6788
-8.68542
-8.69618
-8.67386
-8.67778
-8.64875
-8.66647
-8.67914
-8.6866
-8.65869
-8.6387
-8.62191
-8.61523
-8.61214
-8.63426
-8.61396
-8.61359
-8.641
-8.5984
-8.60904
-8.59693
-8.59767
-8.59582
-8.57848
-8.58728
-8.57452
-8.60795
-8.55179
-8.56389
-8.54675
-8.56789
-8.56102
-8.57206
-8.57092
-8.56312
-8.53129
-8.55584
-8.55603
-8.51539
-8.55718
-8.54578
-8.52019
-8.55603
-8.55776
-8.56732
-8.52892
-8.52853
-8.52178
-8.54695
-8.54578
-8.51037
-8.52813
-8.53641
-8.53346
-8.56674
-8.53562
-8.53523
-8.51719
-8.52119
-8.537
-8.52397
-8.54927
-8.52298
-8.54947
-8.53837
-8.53837
-8.52337
-8.52258
-8.52932
-8.55314
-8.5366
-8.55237
-8.54927
-8.54985
-8.54927
-8.54656
-8.57414
-8.54597
-8.54597
-8.55024
-8.56617
-8.58336
-8.57508
-8.54189
-8.55159
-8.58373
-8.56789
-8.56827
-8.58317
-8.56922
-8.58354
-8.60392
-8.58635
-8.59637
-8.6085
-8.62497
-8.60685
-8.6052
-8.63746
-8.63391
-8.62155
-8.62425
-8.63976
-8.66077
-8.63284
-8.66665
-8.66527
-8.66492
-8.67982
-8.69081
-8.69182
-8.70018
-8.70434
-8.74034
-8.73327
-8.74465
-8.75888
-8.77956
-8.78324
-8.80026
-8.79316
-8.83361
-8.80971
-8.83157
-8.83375
-8.83594
-8.89247
-8.87375
-8.91718
-8.94742
-8.9579
-8.96201
-8.95841
-8.99218
-9.0092
-9.02618
-9.0538
-9.05369
-9.10465
-9.12859
-9.14921
-9.15831
-9.19187
-9.22177
-9.2597
-9.27068
-9.33706
-9.35703
-9.39972
-9.45211
-9.48433
-9.54674
-9.58397
-9.65265
-9.7255
-9.78476
-9.88344
-9.96815
-10.0766
-10.2134
-10.3497
-10.5551
-10.8285
-11.2468
-11.9612
