-17.1562
-14.0837
-13.5145
-13.1723
-12.9302
-12.7498
-12.5977
-12.4692
-12.3595
-12.2586
-12.1524
-12.049
-11.9375
-11.8159
-11.6868
-11.5475
-11.4109
-11.2781
-11.1575
-11.0443
-10.9577
-10.8793
-10.7928
-10.7411
-10.6745
-10.6033
-10.5669
-10.5057
-10.4623
-10.4096
-10.3702
-10.3182
-10.2846
-10.2461
-10.2111
-10.1701
-10.1449
-10.1072
-10.0661
-10.0461
-10.0243
-9.99807
-9.96091
-9.94544
-9.92755
-9.90053
-9.86319
-9.84129
-9.83065
-9.80808
-9.79951
-9.78284
-9.76019
-9.72508
-9.70125
-9.7174
-9.68732
-9.66935
-9.65688
-9.63672
-9.63469
-9.61273
-9.58932
-9.59165
-9.58052
-9.56711
-9.55535
-9.53061
-9.51922
-9.50644
-9.50673
-9.48706
-9.48075
-9.48044
-9.48205
-9.48524
-9.43779
-9.44707
-9.43588
-9.43116
-9.42851
-9.41524
-9.39889
-9.4017
-9.38849
-9.39856
-9.39191
-9.37585
-9.38974
-9.36811
-9.36734
-9.34766
-9.35703
-9.35062
-9.35608
-9.36237
-9.33935
-9.33583
-9.34084
-9.32821
-9.33459
-9.3226
-9.33988
-9.32706
-9.31623
-9.31551
-9.31614
-9.3174
-9.32812
-9.30747
-9.31964
-9.3052
-9.29698
-9.30155
-9.29441
-9.30738
-9.29808
-9.29936
-9.29853
-9.29017
-9.28313
-9.29532
-9.29762
-9.29367
-9.30747
-9.27753
-9.28275
-9.29551
-9.29487
-9.29853
-9.29872
-9.30592
-9.31236
-9.29367
-9.30328
-9.30419
-9.30055
-9.30674
-9.28795
-9.27575
-9.27856
-9.27594
-9.26927
-9.26084
-9.26113
-9.23288
-9.24184
-9.25043
-9.22916
-9.22266
-9.23132
-9.2191
-9.22079
-9.22552
-9.22808
-9.20874
-9.21194
-9.2009
-9.19776
-9.20503
-9.20513
-9.18379
-9.18019
-9.1933
-9.19034
-9.20079
-9.1936
-9.17139
-9.17056
-9.17056
-9.18738
-9.1623
-9.17513
-9.19136
-9.17046
-9.15313
-9.16251
-9.1643
-9.15736
-9.16618
-9.16566
-9.17926
-9.16566
-9.18861
-9.18809
-9.17751
-9.16346
-9.16775
-9.18605
-9.18789
-9.18461
-9.17844
-9.16889
-9.20834
-9.20059
-9.20392
-9.20693
-9.24879
-9.26132
-9.28961
-9.22138
-9.16283
-9.12107
-9.08964
-9.06196
-9.06126
-9.0193
-8.9943
-8.97601
-8.97221
-8.98695
-8.9539
-8.9482
-8.93248
-8.91059
-8.88848
-8.87766
-8.87193
-8.86489
-8.86658
-8.83084
-8.84693
-8.82703
-8.83346
-8.82453
-8.78966
-8.774
-8.81478
-8.77447
-8.77431
-8.77817
-8.74417
-8.7344
-8.74544
-8.74353
-8.73295
-8.73085
-8.71276
-8.7088
-8.67608
-8.7126
-8.69249
-8.67249
-8.67948
-8.68169
-8.67727
-8.65399
-8.64277
-8.67283
-8.65225
-8.66337
-8.64699
-8.64699
-8.63373
-8.64945
-8.62443
-8.61758
-8.61939
-8.62263
-8.60172
-8.62479
-8.61378
-8.61613
-8.59545
-8.59508
-8.61214
-8.58167
-8.57979
-8.5856
-8.57866
-8.55699
-8.58017
-8.56255
-8.56293
-8.57546
-8.58111
-8.5568
-8.56044
-8.5732
-8.55968
-8.54286
-8.56541
-8.55641
-8.54714
-8.57263
-8.52457
-8.51178
-8.53405
-8.51017
-8.52278
-8.55891
-8.52873
-8.57073
-8.55198
-8.53248
-8.55314
-8.55063
-8.53248
-8.55737
-8.52397
-8.55063
-8.52318
-8.55795
-8.53228
-8.5514
-8.55256
-8.53169
-8.51218
-8.5483
-8.54052
-8.54636
-8.5366
-8.56064
-8.52991
-8.53641
-8.54208
-8.60685
-8.56808
-8.55872
-8.57282
-8.56979
-8.5614
-8.58579
-8.56674
-8.59119
-8.58728
-8.60135
-8.58653
-8.59026
-8.60209
-8.603
-8.59711
-8.61123
-8.61414
-8.63746
-8.63799
-8.62676
-8.6165
-8.63426
-8.67317
-8.66043
-8.64822
-8.66716
-8.66129
-8.67659
-8.66613
-8.673
-8.71883
-8.73874
-8.72291
-8.75526
-8.72713
-8.74973
-8.77153
-8.77617
-8.79588
-8.77246
-8.80282
-8.83405
-8.82527
-8.83579
-8.87193
-8.86291
-8.89289
-8.89536
-8.91045
-8.92386
-8.94063
-8.975
-8.98168
-9.00981
-9.04169
-9.05287
-9.04876
-9.09695
-9.11284
-9.13669
-9.15873
-9.19289
-9.2397
-9.26559
-9.30492
-9.344
-9.37433
-9.40344
-9.44983
-9.52376
-9.57192
-9.62066
-9.70217
-9.75406
-9.83194
-9.92925
-10.0306
-10.1585
-10.3059
-10.5025
-10.7564
-11.1857
-11.6164
