-16.4713
-13.6286
-13.0543
-12.699
-12.4411
-12.2442
-12.0842
-11.9487
-11.8323
-11.7308
-11.6473
-11.5615
-11.4825
-11.4222
-11.3557
-11.2958
-11.2387
-11.1837
-11.1342
-11.0812
-11.029
-10.9729
-10.9235
-10.8666
-10.8122
-10.7524
-10.7038
-10.6514
-10.58
-10.528
-10.4695
-10.4135
-10.3499
-10.3015
-10.2486
-10.2086
-10.1718
-10.1161
-10.0864
-10.0516
-10.0109
-9.98207
-9.95175
-9.9254
-9.90013
-9.8774
-9.8485
-9.82428
-9.80422
-9.77452
-9.76279
-9.7346
-9.70845
-9.70088
-9.67984
-9.6504
-9.63142
-9.6138
-9.613
-9.57817
-9.56662
-9.57366
-9.53387
-9.51613
-9.51532
-9.49386
-9.478
-9.45454
-9.45611
-9.44833
-9.44399
-9.4223
-9.42076
-9.38177
-9.38622
-9.37076
-9.37263
-9.34286
-9.34723
-9.35227
-9.31551
-9.32
-9.30837
-9.3061
-9.30964
-9.28313
-9.28015
-9.28684
-9.28173
-9.26132
-9.24503
-9.25512
-9.25589
-9.23367
-9.23844
-9.24281
-9.2362
-9.23776
-9.22197
-9.21761
-9.21543
-9.20462
-9.22769
-9.19004
-9.20693
-9.20362
-9.20019
-9.18636
-9.20954
-9.18769
-9.19401
-9.1743
-9.18246
-9.17451
-9.17792
-9.17533
-9.17802
-9.16409
-9.17056
-9.17368
-9.14995
-9.17471
-9.16921
-9.17967
-9.18533
-9.16325
-9.16189
-9.1805
-9.16147
-9.18533
-9.19207
-9.17222
-9.1716
-9.19968
-9.17906
-9.16555
-9.17212
-9.16848
-9.14174
-9.16754
-9.14495
-9.16482
-9.1326
-9.13583
-9.13841
-9.11823
-9.14602
-9.12544
-9.12031
-9.12358
-9.11866
-9.09336
-9.12031
-9.10287
-9.10264
-9.10565
-9.09414
-9.09336
-9.09784
-9.08625
-9.07921
-9.09302
-9.09189
-9.07761
-9.09907
-9.06578
-9.07154
-9.07807
-9.07131
-9.07875
-9.08205
-9.06601
-9.08
-9.06866
-9.08772
-9.07624
-9.07292
-9.06981
-9.08171
-9.10131
-9.07027
-9.0858
-9.0728
-9.11008
-9.06485
-9.08523
-9.06832
-9.05205
-9.11085
-9.09066
-9.08829
-9.11361
-9.12772
-9.12891
-9.1491
-9.1525
-9.13583
-9.18502
-9.19065
-9.24358
-9.18769
-9.10975
-9.08625
-9.04405
-9.01311
-8.99801
-8.97979
-8.93997
-8.93814
-8.91342
-8.9068
-8.89151
-8.86461
-8.85495
-8.85908
-8.82482
-8.83957
-8.81819
-8.79392
-8.80912
-8.78753
-8.78661
-8.7491
-8.76452
-8.73858
-8.76468
-8.74082
-8.74672
-8.73134
-8.72551
-8.71899
-8.70101
-8.68677
-8.68609
-8.70317
-8.68305
-8.68626
-8.70051
-8.67077
-8.6632
-8.65015
-8.66129
-8.63106
-8.65277
-8.62605
-8.65225
-8.62766
-8.65382
-8.641
-8.61577
-8.61849
-8.62371
-8.59249
-8.57641
-8.6052
-8.5936
-8.58223
-8.60282
-8.57659
-8.58747
-8.57414
-8.56541
-8.57866
-8.55391
-8.56846
-8.56751
-8.56006
-8.54947
-8.55776
-8.54869
-8.53974
-8.55198
-8.54442
-8.55584
-8.54578
-8.54733
-8.55217
-8.54267
-8.53739
-8.55024
-8.5485
-8.51879
-8.55487
-8.53582
-8.54908
-8.53954
-8.51999
-8.52298
-8.53974
-8.54364
-8.53543
-8.51158
-8.51699
-8.53307
-8.55121
-8.5311
-8.51919
-8.55217
-8.54539
-8.53208
-8.545
-8.52516
-8.5413
-8.52655
-8.52615
-8.53876
-8.50593
-8.54267
-8.52932
-8.54927
-8.54384
-8.53346
-8.5541
-8.55295
-8.53287
-8.5696
-8.5635
-8.56808
-8.57073
-8.58204
-8.56083
-8.55872
-8.57659
-8.56465
-8.56713
-8.57641
-8.59582
-8.58466
-8.60245
-8.6273
-8.6165
-8.6041
-8.61921
-8.64769
-8.61595
-8.62155
-8.6505
-8.66147
-8.66716
-8.65015
-8.67231
-8.6788
-8.68271
-8.67163
-8.68508
-8.74273
-8.70251
-8.74719
-8.74878
-8.74002
-8.7592
-8.78493
-8.76327
-8.80297
-8.80147
-8.80102
-8.81996
-8.81403
-8.84087
-8.83971
-8.85538
-8.87668
-8.89412
-8.90991
-8.93669
-8.94089
-8.96687
-8.96891
-8.99243
-9.02858
-9.03014
-9.06254
-9.07131
-9.08761
-9.11965
-9.14985
-9.19726
-9.18379
-9.2269
-9.26804
-9.30465
-9.32795
-9.36683
-9.41719
-9.46684
-9.49987
-9.55002
-9.60096
-9.66707
-9.73026
-9.80168
-9.87719
-9.98456
-10.0857
-10.2143
-10.3631
-10.5683
-10.8335
-11.2565
-12.0229
