-16.8662
-13.8917
-13.3171
-12.9649
-12.7158
-12.5293
-12.375
-12.2395
-12.1318
-12.0332
-11.9497
-11.8634
-11.7807
-11.7019
-11.6202
-11.5501
-11.4603
-11.3658
-11.2743
-11.1755
-11.078
-10.9821
-10.8889
-10.8039
-10.7349
-10.6561
-10.5956
-10.5466
-10.4885
-10.4264
-10.3818
-10.3405
-10.3082
-10.2521
-10.2229
-10.1914
-10.1348
-10.1108
-10.0875
-10.0487
-10.017
-9.99689
-9.95859
-9.93803
-9.92034
-9.87308
-9.85424
-9.83441
-9.8258
-9.79785
-9.76864
-9.75429
-9.73708
-9.70137
-9.70027
-9.68309
-9.67326
-9.66783
-9.6341
-9.62971
-9.60286
-9.59336
-9.5779
-9.55464
-9.54187
-9.55279
-9.5317
-9.51444
-9.49695
-9.48638
-9.49394
-9.4825
-9.4604
-9.44565
-9.44676
-9.44225
-9.42473
-9.42101
-9.41662
-9.40311
-9.41589
-9.3767
-9.37305
-9.37076
-9.36803
-9.36332
-9.35401
-9.35115
-9.33794
-9.33043
-9.33265
-9.35349
-9.33609
-9.30465
-9.31055
-9.31425
-9.30574
-9.29413
-9.28693
-9.2922
-9.30046
-9.29744
-9.28173
-9.30465
-9.28461
-9.29496
-9.28247
-9.26303
-9.26492
-9.27096
-9.27949
-9.25493
-9.25388
-9.26672
-9.25741
-9.25894
-9.2535
-9.25751
-9.24038
-9.25455
-9.25225
-9.25167
-9.26151
-9.24426
-9.25846
-9.24937
-9.2557
-9.25789
-9.25741
-9.25292
-9.25187
-9.24918
-9.25694
-9.27087
-9.27238
-9.24648
-9.25484
-9.24946
-9.23523
-9.21393
-9.23542
-9.22395
-9.22375
-9.21523
-9.2198
-9.22326
-9.20683
-9.18789
-9.19452
-9.19014
-9.1843
-9.20352
-9.1773
-9.17864
-9.17264
-9.16764
-9.15947
-9.15947
-9.16451
-9.14559
-9.1716
-9.13043
-9.15726
-9.13227
-9.15557
-9.134
-9.12772
-9.14249
-9.12598
-9.13389
-9.12347
-9.13669
-9.11526
-9.1288
-9.12696
-9.14772
-9.12206
-9.14559
-9.11976
-9.12467
-9.13238
-9.149
-9.13777
-9.13788
-9.12805
-9.12924
-9.15282
-9.15017
-9.1396
-9.13691
-9.13841
-9.15398
-9.15091
-9.16921
-9.15271
-9.16691
-9.18091
-9.20734
-9.22059
-9.24831
-9.20049
-9.13097
-9.09963
-9.06555
-9.03896
-9.02666
-8.99591
-8.99131
-8.94729
-8.94703
-8.92506
-8.91045
-8.9157
-8.90666
-8.89918
-8.87459
-8.86092
-8.84203
-8.87179
-8.81789
-8.83127
-8.7977
-8.80463
-8.78676
-8.82011
-8.79906
-8.75731
-8.78996
-8.7757
-8.73472
-8.74449
-8.73874
-8.71654
-8.71735
-8.72599
-8.71342
-8.68592
-8.70118
-8.67386
-8.68525
-8.67386
-8.6632
-8.66025
-8.66371
-8.66579
-8.65661
-8.66974
-8.66164
-8.61123
-8.63799
-8.61812
-8.59859
-8.62137
-8.58989
-8.61287
-8.61359
-8.62605
-8.59804
-8.58802
-8.62263
-8.60025
-8.60795
-8.57527
-8.59452
-8.59044
-8.58691
-8.58317
-8.57149
-8.57395
-8.56903
-8.55891
-8.55237
-8.56178
-8.55603
-8.57471
-8.5656
-8.5305
-8.53366
-8.56064
-8.53307
-8.53719
-8.56159
-8.54869
-8.5568
-8.56217
-8.50451
-8.53543
-8.50795
-8.53287
-8.53915
-8.53346
-8.52019
-8.52476
-8.52158
-8.54052
-8.52833
-8.55564
-8.54947
-8.54071
-8.53129
-8.53915
-8.5307
-8.56006
-8.55217
-8.5514
-8.53935
-8.56598
-8.53954
-8.54286
-8.56465
-8.54345
-8.56389
-8.54772
-8.53876
-8.55737
-8.54052
-8.55468
-8.58129
-8.58914
-8.58429
-8.56293
-8.56713
-8.58466
-8.59249
-8.59119
-8.57942
-8.59767
-8.61123
-8.61359
-8.5897
-8.62335
-8.6052
-8.60776
-8.59859
-8.64787
-8.61921
-8.64242
-8.67948
-8.66734
-8.65452
-8.65417
-8.68525
-8.70085
-8.68761
-8.70996
-8.67914
-8.71045
-8.69918
-8.72111
-8.73729
-8.74783
-8.76593
-8.75021
-8.7529
-8.76468
-8.7892
-8.80567
-8.81582
-8.8301
-8.82482
-8.8578
-8.87529
-8.87038
-8.90883
-8.90055
-8.92877
-8.95725
-8.97614
-8.98193
-9.01688
-9.0257
-9.03551
-9.05835
-9.06149
-9.10941
-9.1327
-9.1666
-9.19624
-9.21433
-9.23122
-9.27977
-9.29431
-9.34644
-9.38706
-9.43492
-9.47486
-9.51915
-9.56472
-9.63096
-9.71299
-9.77622
-9.8406
-9.94194
-10.0511
-10.1849
-10.3317
-10.5291
-10.7949
-11.2012
-11.8005
