-17.2173
-14.1296
-13.5635
-13.2221
-12.9828
-12.7991
-12.6561
-12.532
-12.4114
-12.3049
-12.19
-12.0688
-11.9423
-11.8081
-11.6569
-11.5068
-11.363
-11.2463
-11.1305
-11.0346
-10.9411
-10.8635
-10.7921
-10.7271
-10.6613
-10.6033
-10.5521
-10.4937
-10.4507
-10.4091
-10.3804
-10.3222
-10.2785
-10.2386
-10.2105
-10.1836
-10.1359
-10.1165
-10.0813
-10.0591
-10.0344
-9.98976
-9.97231
-9.96081
-9.90947
-9.90113
-9.87648
-9.84368
-9.83964
-9.80637
-9.79339
-9.77554
-9.76549
-9.73985
-9.72143
-9.70832
-9.6824
-9.67212
-9.67042
-9.65374
-9.64349
-9.61012
-9.61927
-9.60204
-9.56437
-9.57338
-9.56255
-9.53986
-9.54022
-9.51104
-9.51141
-9.51082
-9.50152
-9.46141
-9.47132
-9.47746
-9.45884
-9.4618
-9.45525
-9.44762
-9.4206
-9.42206
-9.40788
-9.40121
-9.39649
-9.38748
-9.40187
-9.39624
-9.3874
-9.38185
-9.38143
-9.35686
-9.36931
-9.37696
-9.35755
-9.37433
-9.36272
-9.36683
-9.35288
-9.35824
-9.36057
-9.33583
-9.34382
-9.35997
-9.31776
-9.33688
-9.33803
-9.32036
-9.32634
-9.33503
-9.32688
-9.31758
-9.31955
-9.29945
-9.30265
-9.30228
-9.29945
-9.31245
-9.29789
-9.31362
-9.30874
-9.29588
-9.2989
-9.31163
-9.31425
-9.29872
-9.29798
-9.32072
-9.29422
-9.30729
-9.301
-9.30164
-9.31181
-9.31749
-9.29532
-9.31272
-9.29927
-9.27472
-9.29192
-9.29963
-9.27096
-9.28758
-9.28536
-9.26132
-9.2751
-9.25808
-9.25732
-9.24416
-9.26823
-9.25321
-9.23659
-9.2535
-9.21781
-9.21811
-9.23073
-9.19928
-9.22237
-9.21583
-9.21523
-9.20493
-9.20633
-9.21084
-9.201
-9.19228
-9.16816
-9.18174
-9.19177
-9.19978
-9.19958
-9.19817
-9.16587
-9.17782
-9.18019
-9.17066
-9.19177
-9.18687
-9.16461
-9.16377
-9.18554
-9.19065
-9.17202
-9.1667
-9.18122
-9.16785
-9.16555
-9.18019
-9.18359
-9.18513
-9.1936
-9.17895
-9.18451
-9.20814
-9.1882
-9.1938
-9.21443
-9.22946
-9.24387
-9.24184
-9.26719
-9.2922
-9.23474
-9.1442
-9.1354
-9.1042
-9.08795
-9.07096
-9.03014
-9.01091
-8.99492
-8.96533
-8.97386
-8.95338
-8.93274
-8.93327
-8.89563
-8.90639
-8.88986
-8.87193
-8.86996
-8.87515
-8.84203
-8.86263
-8.84592
-8.81537
-8.80956
-8.80207
-8.79164
-8.78278
-8.76764
-8.76733
-8.75321
-8.75526
-8.76061
-8.75258
-8.73004
-8.72664
-8.73777
-8.72778
-8.72225
-8.71621
-8.67539
-8.69215
-8.67608
-8.69718
-8.66665
-8.67197
-8.64787
-8.66216
-8.67129
-8.66216
-8.65417
-8.62353
-8.63693
-8.63302
-8.63177
-8.64012
-8.6183
-8.61523
-8.59969
-8.62479
-8.60612
-8.59656
-8.61378
-8.59914
-8.58204
-8.59119
-8.59119
-8.58261
-8.58036
-8.5635
-8.58896
-8.57998
-8.55661
-8.59286
-8.57942
-8.58204
-8.57357
-8.54966
-8.56598
-8.54208
-8.55545
-8.54695
-8.54559
-8.55121
-8.54228
-8.54189
-8.54461
-8.56274
-8.53523
-8.53208
-8.53915
-8.53935
-8.53228
-8.55198
-8.52853
-8.54442
-8.57357
-8.54869
-8.54772
-8.56083
-8.54228
-8.57791
-8.56751
-8.54286
-8.52675
-8.54695
-8.55526
-8.54947
-8.56922
-8.52496
-8.56025
-8.58054
-8.56102
-8.545
-8.55622
-8.56636
-8.52952
-8.5591
-8.54889
-8.56044
-8.57641
-8.5884
-8.57622
-8.56884
-8.57866
-8.58279
-8.59637
-8.6041
-8.59693
-8.57149
-8.61849
-8.6052
-8.6063
-8.6273
-8.63231
-8.65137
-8.64506
-8.61631
-8.65365
-8.6651
-8.67437
-8.66423
-8.66665
-8.67659
-8.67283
-8.70781
-8.71834
-8.71834
-8.72046
-8.72404
-8.72062
-8.72875
-8.75448
-8.78722
-8.76437
-8.77246
-8.7974
-8.80687
-8.81996
-8.85595
-8.83725
-8.86347
-8.86855
-8.89741
-8.88267
-8.90937
-8.91985
-8.93722
-8.96712
-8.98382
-8.99739
-8.99578
-9.03837
-9.04594
-9.07073
-9.11779
-9.14761
-9.17337
-9.20281
-9.21722
-9.2577
-9.28415
-9.32786
-9.35574
-9.40096
-9.45798
-9.4992
-9.55272
-9.6182
-9.67652
-9.754
-9.82174
-9.91596
-10.0309
-10.1609
-10.3009
-10.4917
-10.7627
-11.1731
-11.5761
