-17.4314
-14.2918
-13.7295
-13.3964
-13.1672
-12.9918
-12.8463
-12.7198
-12.5846
-12.4405
-12.2727
-12.0864
-11.8929
-11.6994
-11.5389
-11.4071
-11.2849
-11.1863
-11.0789
-10.9949
-10.9123
-10.8421
-10.7768
-10.7179
-10.654
-10.5983
-10.5355
-10.494
-10.45
-10.4066
-10.3656
-10.3288
-10.2787
-10.2451
-10.2104
-10.1854
-10.145
-10.1073
-10.0867
-10.0665
-10.0229
-10.019
-9.98456
-9.95594
-9.92959
-9.91448
-9.8944
-9.85692
-9.85019
-9.83483
-9.80306
-9.79585
-9.76715
-9.7656
-9.72262
-9.72245
-9.70149
-9.68639
-9.68707
-9.65188
-9.65535
-9.64232
-9.62384
-9.61587
-9.61093
-9.59492
-9.56458
-9.56423
-9.55223
-9.54273
-9.54072
-9.52872
-9.52442
-9.50294
-9.51966
-9.49221
-9.49499
-9.48121
-9.47263
-9.44967
-9.43396
-9.43947
-9.45907
-9.4366
-9.41687
-9.4397
-9.42343
-9.41971
-9.41882
-9.42303
-9.42036
-9.4003
-9.39349
-9.39433
-9.37729
-9.38547
-9.38042
-9.38991
-9.37297
-9.37195
-9.38606
-9.37033
-9.37797
-9.38857
-9.36366
-9.36057
-9.36048
-9.34758
-9.35253
-9.35988
-9.35928
-9.34845
-9.34102
-9.35175
-9.35262
-9.33574
-9.33777
-9.34601
-9.32866
-9.34627
-9.34338
-9.34575
-9.33724
-9.33785
-9.33785
-9.32152
-9.34417
-9.33088
-9.33247
-9.33671
-9.33167
-9.33741
-9.36272
-9.34426
-9.35271
-9.34067
-9.32269
-9.31668
-9.31973
-9.33415
-9.30756
-9.29835
-9.30356
-9.31578
-9.29496
-9.29789
-9.30109
-9.28033
-9.26833
-9.26918
-9.26908
-9.26625
-9.2398
-9.25254
-9.25263
-9.23083
-9.23786
-9.24397
-9.23591
-9.22572
-9.23142
-9.23249
-9.21344
-9.22543
-9.21622
-9.22217
-9.21274
-9.2017
-9.19441
-9.20452
-9.20673
-9.19411
-9.18697
-9.19675
-9.19685
-9.19299
-9.19279
-9.19269
-9.19857
-9.1933
-9.22444
-9.19391
-9.19452
-9.20039
-9.18564
-9.19502
-9.17689
-9.18502
-9.20483
-9.19837
-9.20352
-9.20703
-9.21204
-9.19776
-9.2269
-9.22345
-9.24329
-9.251
-9.26113
-9.28786
-9.24358
-9.1716
-9.12718
-9.12129
-9.08171
-9.06242
-9.03408
-9.01079
-9.00048
-8.99838
-8.97841
-8.94716
-8.95596
-8.90463
-8.92306
-8.92132
-8.91355
-8.91032
-8.87738
-8.85367
-8.84966
-8.84015
-8.84015
-8.8355
-8.82335
-8.82556
-8.79164
-8.81106
-8.80402
-8.76296
-8.78416
-8.7628
-8.7709
-8.76764
-8.75052
-8.76218
-8.74082
-8.70483
-8.71899
-8.71128
-8.7352
-8.67454
-8.6788
-8.66957
-8.66043
-8.67146
-8.67043
-8.67829
-8.673
-8.6844
-8.66354
-8.66268
-8.65574
-8.65015
-8.64065
-8.62838
-8.63337
-8.62497
-8.59637
-8.62389
-8.62694
-8.62748
-8.59082
-8.62461
-8.61486
-8.6052
-8.60374
-8.59489
-8.58951
-8.5923
-8.58784
-8.58111
-8.58054
-8.57357
-8.54811
-8.58728
-8.58504
-8.56178
-8.55564
-8.58802
-8.55795
-8.57772
-8.55814
-8.57225
-8.54481
-8.5637
-8.54772
-8.5713
-8.54364
-8.55024
-8.54325
-8.55795
-8.5541
-8.55391
-8.56713
-8.5568
-8.54032
-8.52158
-8.54052
-8.54636
-8.54985
-8.54345
-8.5614
-8.55372
-8.52912
-8.54869
-8.55526
-8.56427
-8.54753
-8.56979
-8.54208
-8.56331
-8.56694
-8.55814
-8.53464
-8.53895
-8.57168
-8.56484
-8.56617
-8.59026
-8.58111
-8.56044
-8.58597
-8.56617
-8.545
-8.57622
-8.62029
-8.61232
-8.59563
-8.5973
-8.591
-8.61014
-8.62443
-8.62137
-8.62802
-8.62011
-8.64312
-8.64822
-8.65939
-8.66441
-8.64576
-8.66164
-8.66544
-8.68101
-8.68322
-8.69232
-8.68879
-8.7323
-8.74576
-8.71325
-8.72875
-8.73166
-8.75353
-8.76249
-8.77059
-8.77586
-8.80792
-8.79543
-8.80192
-8.84217
-8.83317
-8.84693
-8.86178
-8.87947
-8.90246
-8.91368
-8.90327
-8.94911
-8.94324
-8.98595
-8.98382
-9.02425
-9.02546
-9.072
-9.07772
-9.09818
-9.13238
-9.14238
-9.18717
-9.21064
-9.24975
-9.27912
-9.30874
-9.35608
-9.40203
-9.45571
-9.4879
-9.54266
-9.59404
-9.65605
-9.71842
-9.83059
-9.89792
-10.0057
-10.1241
-10.2996
-10.4729
-10.7432
-11.1529
-11.4169
