-17.3817
-14.2491
-13.6913
-13.3555
-13.1263
-12.9492
-12.8041
-12.6735
-12.5578
-12.4195
-12.2714
-12.1034
-11.9216
-11.737
-11.5662
-11.426
-11.2939
-11.1917
-11.0999
-11.0068
-10.9286
-10.8459
-10.782
-10.719
-10.6583
-10.6044
-10.549
-10.491
-10.4468
-10.4093
-10.3562
-10.329
-10.2741
-10.2372
-10.2077
-10.1685
-10.1487
-10.1053
-10.0784
-10.046
-10.0382
-10.0091
-9.97632
-9.94784
-9.94343
-9.89958
-9.88583
-9.85802
-9.85907
-9.82752
-9.81569
-9.78785
-9.77315
-9.75325
-9.73246
-9.72119
-9.7142
-9.68197
-9.67891
-9.66027
-9.65034
-9.63607
-9.60818
-9.60535
-9.58775
-9.57192
-9.57797
-9.54746
-9.53813
-9.52836
-9.52734
-9.51893
-9.51436
-9.50428
-9.48592
-9.49837
-9.47501
-9.46653
-9.46823
-9.45743
-9.45399
-9.43124
-9.42915
-9.42771
-9.42577
-9.39815
-9.42803
-9.41402
-9.40228
-9.40393
-9.39533
-9.38924
-9.39533
-9.40129
-9.38564
-9.38907
-9.38236
-9.37195
-9.35149
-9.37882
-9.38698
-9.36854
-9.34146
-9.35574
-9.36683
-9.35427
-9.34793
-9.35652
-9.35088
-9.35106
-9.34984
-9.36435
-9.32679
-9.34154
-9.32295
-9.33362
-9.32269
-9.31596
-9.33627
-9.34705
-9.3315
-9.33583
-9.35219
-9.34137
-9.33785
-9.33865
-9.32465
-9.31524
-9.31515
-9.31578
-9.33979
-9.32715
-9.33821
-9.32732
-9.33167
-9.34312
-9.31713
-9.31046
-9.30846
-9.30937
-9.31785
-9.28573
-9.29771
-9.28656
-9.29835
-9.25789
-9.27912
-9.28108
-9.27472
-9.27031
-9.25617
-9.26103
-9.24985
-9.23873
-9.23844
-9.24561
-9.23298
-9.23503
-9.23132
-9.22582
-9.23073
-9.22326
-9.19441
-9.18963
-9.21831
-9.2009
-9.20342
-9.21264
-9.19665
-9.21354
-9.201
-9.19837
-9.19705
-9.18973
-9.19726
-9.20009
-9.19044
-9.18953
-9.19085
-9.19055
-9.18132
-9.19827
-9.17813
-9.19004
-9.1842
-9.20714
-9.19085
-9.19756
-9.20493
-9.18789
-9.19187
-9.21104
-9.21642
-9.20683
-9.22955
-9.23249
-9.23786
-9.24474
-9.2704
-9.29725
-9.23698
-9.15957
-9.1427
-9.11548
-9.08421
-9.05905
-9.04853
-9.01542
-9.00798
-8.97018
-8.97386
-8.95467
-8.95506
-8.93906
-8.93564
-8.9359
-8.89837
-8.8922
-8.88295
-8.86982
-8.86022
-8.83361
-8.82747
-8.832
-8.8115
-8.80282
-8.80026
-8.79785
-8.76405
-8.76889
-8.77246
-8.74688
-8.75574
-8.73681
-8.71817
-8.73424
-8.71457
-8.70732
-8.72843
-8.70301
-8.69584
-8.68677
-8.70218
-8.69551
-8.6822
-8.67897
-8.66337
-8.67197
-8.65417
-8.67026
-8.65991
-8.62335
-8.63551
-8.64294
-8.62551
-8.63835
-8.64541
-8.62981
-8.61885
-8.60995
-8.6008
-8.56979
-8.59969
-8.61559
-8.596
-8.59286
-8.59323
-8.57471
-8.58597
-8.58223
-8.58073
-8.58858
-8.56064
-8.57942
-8.57659
-8.56789
-8.55853
-8.6019
-8.545
-8.55314
-8.54091
-8.5305
-8.54869
-8.5413
-8.54325
-8.55198
-8.56998
-8.56827
-8.52813
-8.55333
-8.52714
-8.55661
-8.55237
-8.55159
-8.56636
-8.53739
-8.55082
-8.5307
-8.52119
-8.55391
-8.55603
-8.55699
-8.5309
-8.55121
-8.54597
-8.53208
-8.52971
-8.53739
-8.54111
-8.55256
-8.56713
-8.54208
-8.58466
-8.54772
-8.54325
-8.55526
-8.55063
-8.53326
-8.58691
-8.56865
-8.60117
-8.59341
-8.57111
-8.57546
-8.60685
-8.59434
-8.57754
-8.59044
-8.60886
-8.60959
-8.57376
-8.62335
-8.61505
-8.60685
-8.61287
-8.65295
-8.62873
-8.6505
-8.6387
-8.63462
-8.65921
-8.66785
-8.65626
-8.68305
-8.69165
-8.68592
-8.71062
-8.70649
-8.69601
-8.70732
-8.72177
-8.74528
-8.7529
-8.74592
-8.76997
-8.79376
-8.80523
-8.82276
-8.82615
-8.80867
-8.8426
-8.83725
-8.86418
-8.86616
-8.89631
-8.91328
-8.91945
-8.94128
-8.97689
-8.96687
-8.99628
-9.02906
-9.06242
-9.06866
-9.07509
-9.11218
-9.13616
-9.16733
-9.19938
-9.22029
-9.23435
-9.29091
-9.31317
-9.36563
-9.41214
-9.44478
-9.49755
-9.53864
-9.59839
-9.66859
-9.74062
-9.82168
-9.90524
-10.0265
-10.1418
-10.2977
-10.4822
-10.7508
-11.1569
-11.4565
