-17.3295
-14.2074
-13.6417
-13.3127
-13.0818
-12.9038
-12.7606
-12.6365
-12.5113
-12.3961
-12.2648
-12.1157
-11.9443
-11.7747
-11.6003
-11.4502
-11.3203
-11.2017
-11.1069
-11.0198
-10.9394
-10.8602
-10.7887
-10.7247
-10.665
-10.6055
-10.5494
-10.4944
-10.4633
-10.4143
-10.3733
-10.3326
-10.2861
-10.258
-10.2163
-10.1823
-10.15
-10.1093
-10.0735
-10.0581
-10.0348
-9.99442
-9.97771
-9.96562
-9.9293
-9.90194
-9.89354
-9.86021
-9.83735
-9.82849
-9.80505
-9.7856
-9.77923
-9.75051
-9.73465
-9.70814
-9.70021
-9.6991
-9.65509
-9.65394
-9.64413
-9.62391
-9.62219
-9.59927
-9.58741
-9.58211
-9.56697
-9.55782
-9.56008
-9.54158
-9.54044
-9.51621
-9.4916
-9.49717
-9.48744
-9.5001
-9.46638
-9.46769
-9.46792
-9.45077
-9.45681
-9.43124
-9.42682
-9.41995
-9.41116
-9.40722
-9.41304
-9.40673
-9.40203
-9.39541
-9.40582
-9.39183
-9.37831
-9.38614
-9.36922
-9.36948
-9.3628
-9.37433
-9.34766
-9.35097
-9.36589
-9.35885
-9.35461
-9.35132
-9.36657
-9.34775
-9.34975
-9.34583
-9.34163
-9.35755
-9.33061
-9.33212
-9.33468
-9.33618
-9.33706
-9.32367
-9.3368
-9.31937
-9.3291
-9.31866
-9.32447
-9.32786
-9.31407
-9.33114
-9.32403
-9.33715
-9.33785
-9.32367
-9.31919
-9.30183
-9.32848
-9.32937
-9.33777
-9.32474
-9.32304
-9.32519
-9.31982
-9.33282
-9.30036
-9.31893
-9.30583
-9.29606
-9.29835
-9.28136
-9.27153
-9.28136
-9.27322
-9.26729
-9.26578
-9.2557
-9.23425
-9.24135
-9.2555
-9.23298
-9.24165
-9.2398
-9.22533
-9.22621
-9.23083
-9.23073
-9.20633
-9.20432
-9.21761
-9.22345
-9.21413
-9.20372
-9.21612
-9.21871
-9.20653
-9.19391
-9.19523
-9.18276
-9.1935
-9.19999
-9.15957
-9.18799
-9.19877
-9.18799
-9.17025
-9.1937
-9.19928
-9.18379
-9.17295
-9.17967
-9.18574
-9.18441
-9.20593
-9.17419
-9.18143
-9.19675
-9.21254
-9.18953
-9.20633
-9.2012
-9.20483
-9.22108
-9.24793
-9.23435
-9.26918
-9.30347
-9.22049
-9.1805
-9.1287
-9.09941
-9.08772
-9.06184
-9.03372
-9.02594
-9.00184
-8.97904
-8.98331
-8.95995
-8.92891
-8.94285
-8.93366
-8.90041
-8.90449
-8.86827
-8.88184
-8.86658
-8.85009
-8.85509
-8.84087
-8.82321
-8.81284
-8.80192
-8.79376
-8.80747
-8.77462
-8.76842
-8.76951
-8.77168
-8.77292
-8.75147
-8.75005
-8.73182
-8.72209
-8.71276
-8.7045
-8.71981
-8.69768
-8.70317
-8.70583
-8.68389
-8.67249
-8.65835
-8.68946
-8.66112
-8.62748
-8.64171
-8.66544
-8.60868
-8.62856
-8.64365
-8.62245
-8.63498
-8.62299
-8.65782
-8.59804
-8.60355
-8.61378
-8.62659
-8.60703
-8.60575
-8.60245
-8.59026
-8.57641
-8.57565
-8.58279
-8.58709
-8.60941
-8.57244
-8.59656
-8.55487
-8.57697
-8.55968
-8.5591
-8.5841
-8.56064
-8.55237
-8.53915
-8.58111
-8.54985
-8.5656
-8.55507
-8.55217
-8.537
-8.57508
-8.55159
-8.55891
-8.53484
-8.55024
-8.5452
-8.55333
-8.53523
-8.5514
-8.53385
-8.54559
-8.53208
-8.55121
-8.53425
-8.537
-8.55372
-8.56064
-8.52536
-8.56102
-8.54481
-8.53011
-8.56636
-8.5452
-8.56484
-8.5637
-8.55372
-8.5366
-8.5483
-8.56025
-8.56884
-8.58821
-8.56217
-8.5732
-8.5732
-8.57754
-8.56941
-8.57546
-8.5713
-8.59044
-8.5749
-8.61939
-8.59397
-8.62641
-8.59249
-8.60172
-8.60502
-8.64752
-8.60995
-8.6145
-8.62029
-8.62945
-8.63248
-8.61559
-8.6512
-8.68186
-8.66389
-8.67437
-8.67146
-8.72648
-8.70118
-8.70168
-8.70566
-8.7098
-8.72307
-8.74449
-8.74257
-8.75558
-8.76077
-8.78462
-8.78844
-8.77956
-8.81656
-8.83054
-8.83098
-8.8605
-8.85295
-8.87878
-8.88765
-8.89823
-8.9338
-8.95001
-8.96354
-8.97727
-8.99467
-9.02485
-9.05649
-9.04488
-9.08772
-9.10986
-9.12826
-9.16251
-9.17813
-9.22877
-9.24009
-9.28173
-9.31785
-9.35954
-9.4202
-9.45227
-9.50405
-9.54029
-9.60851
-9.66821
-9.73832
-9.81608
-9.90214
-10.0162
-10.1471
-10.2942
-10.4892
-10.748
-11.1664
-11.4936
