-17.2753
-14.1698
-13.6014
-13.2674
-13.028
-12.8523
-12.7009
-12.5767
-12.4612
-12.345
-12.2269
-12.0942
-11.9466
-11.8001
-11.6318
-11.4824
-11.3371
-11.2216
-11.1124
-11.0225
-10.9374
-10.8587
-10.793
-10.7276
-10.6606
-10.608
-10.5572
-10.5041
-10.4578
-10.4145
-10.3715
-10.3224
-10.2904
-10.2445
-10.2088
-10.1765
-10.1371
-10.0978
-10.0805
-10.0615
-10.023
-10.0012
-9.97669
-9.94011
-9.93261
-9.91126
-9.8774
-9.87112
-9.85135
-9.82114
-9.8051
-9.77702
-9.75979
-9.74115
-9.73684
-9.70094
-9.68041
-9.69122
-9.65816
-9.66167
-9.64556
-9.60979
-9.61253
-9.59376
-9.5788
-9.58101
-9.55916
-9.54488
-9.55002
-9.52785
-9.51569
-9.51532
-9.50077
-9.49092
-9.47063
-9.46931
-9.46164
-9.4604
-9.44628
-9.43204
-9.44336
-9.42819
-9.41833
-9.42368
-9.42311
-9.40451
-9.39533
-9.40401
-9.38773
-9.36572
-9.40088
-9.36692
-9.37237
-9.37882
-9.36623
-9.35461
-9.34915
-9.3604
-9.35911
-9.37501
-9.35496
-9.34723
-9.37127
-9.34408
-9.36589
-9.3521
-9.34084
-9.34862
-9.33158
-9.35245
-9.33952
-9.33105
-9.32099
-9.32999
-9.30719
-9.32527
-9.31136
-9.32777
-9.31857
-9.30683
-9.333
-9.31937
-9.3156
-9.31398
-9.30719
-9.30018
-9.3147
-9.31587
-9.32866
-9.33309
-9.32126
-9.33335
-9.30955
-9.32625
-9.32759
-9.32134
-9.31982
-9.31434
-9.32269
-9.29395
-9.30228
-9.28396
-9.28406
-9.26312
-9.2535
-9.26568
-9.26312
-9.26398
-9.26549
-9.24319
-9.23727
-9.23171
-9.2269
-9.25023
-9.23308
-9.21801
-9.219
-9.20059
-9.22138
-9.23122
-9.20653
-9.19004
-9.21652
-9.18973
-9.19887
-9.19573
-9.20814
-9.20039
-9.18963
-9.17678
-9.1841
-9.18666
-9.17502
-9.18758
-9.19044
-9.18502
-9.17451
-9.184
-9.1643
-9.17833
-9.18891
-9.18502
-9.19075
-9.18091
-9.18184
-9.17658
-9.16795
-9.18707
-9.19624
-9.17761
-9.18993
-9.18174
-9.21632
-9.20854
-9.22385
-9.20332
-9.23122
-9.23191
-9.2486
-9.30383
-9.22533
-9.16262
-9.12978
-9.09358
-9.09818
-9.06288
-9.01554
-9.02642
-8.99231
-8.98607
-8.97348
-8.9539
-8.95803
-8.93538
-8.90382
-8.91503
-8.89973
-8.88489
-8.88461
-8.87529
-8.86092
-8.83521
-8.83127
-8.82761
-8.81448
-8.8118
-8.79209
-8.81076
-8.78063
-8.77292
-8.75778
-8.76997
-8.74289
-8.74114
-8.74337
-8.73214
-8.72291
-8.7216
-8.72632
-8.71932
-8.69534
-8.69333
-8.69249
-8.67146
-8.66854
-8.67351
-8.65869
-8.66354
-8.65155
-8.658
-8.65782
-8.64488
-8.658
-8.64347
-8.62963
-8.62353
-8.63177
-8.62891
-8.6085
-8.60959
-8.61541
-8.60941
-8.58989
-8.59267
-8.59804
-8.58728
-8.57659
-8.59933
-8.60429
-8.58129
-8.59026
-8.58429
-8.5543
-8.5677
-8.57772
-8.56713
-8.59323
-8.5541
-8.56636
-8.57622
-8.54091
-8.54267
-8.57433
-8.54772
-8.57054
-8.56655
-8.55757
-8.53464
-8.54442
-8.55082
-8.51919
-8.56598
-8.56522
-8.54013
-8.55256
-8.52932
-8.54052
-8.52813
-8.54889
-8.55449
-8.55795
-8.5543
-8.53954
-8.51739
-8.54267
-8.57376
-8.53543
-8.52099
-8.5591
-8.54481
-8.54559
-8.53837
-8.55159
-8.5483
-8.54286
-8.56025
-8.55718
-8.56006
-8.56579
-8.57206
-8.56979
-8.57206
-8.58298
-8.59693
-8.58765
-8.59378
-8.56522
-8.59508
-8.60245
-8.6019
-8.60941
-8.61269
-8.6165
-8.61957
-8.65102
-8.62551
-8.64611
-8.63835
-8.6632
-8.62407
-8.64312
-8.67454
-8.67197
-8.69918
-8.67573
-8.69768
-8.69651
-8.70847
-8.69517
-8.71292
-8.72729
-8.73198
-8.7483
-8.76546
-8.78109
-8.79573
-8.79467
-8.81374
-8.82923
-8.83434
-8.85324
-8.82173
-8.85409
-8.87947
-8.90218
-8.92585
-8.93814
-8.9439
-8.95738
-8.98969
-9.00675
-9.01566
-9.05474
-9.04923
-9.07418
-9.1072
-9.13497
-9.17129
-9.201
-9.22148
-9.24802
-9.28015
-9.31254
-9.36563
-9.40302
-9.43748
-9.49432
-9.54631
-9.61674
-9.6604
-9.74185
-9.82698
-9.91433
-10.0194
-10.1451
-10.3012
-10.4932
-10.7504
-11.173
-11.5357
