-14.3051
-12.3514
-11.836
-11.5043
-11.2622
-11.074
-10.9169
-10.7886
-10.6714
-10.5617
-10.4769
-10.4056
-10.3116
-10.2449
-10.187
-10.1243
-10.0656
-10.0065
-9.95447
-9.9228
-9.87287
-9.84193
-9.79323
-9.75185
-9.72669
-9.70009
-9.65784
-9.64446
-9.60123
-9.56521
-9.53134
-9.51694
-9.48933
-9.45751
-9.43268
-9.42157
-9.39225
-9.37008
-9.34888
-9.34338
-9.30892
-9.31542
-9.27425
-9.25512
-9.2397
-9.2272
-9.19968
-9.20934
-9.1883
-9.15186
-9.16073
-9.13745
-9.1354
-9.12891
-9.10454
-9.07635
-9.05111
-9.05998
-9.05158
-9.04606
-9.02268
-9.0059
-9.00933
-8.97588
-8.99616
-8.95338
-8.98582
-8.97386
-8.93682
-8.91099
-8.93116
-8.95467
-8.91691
-8.90991
-8.89
-8.88931
-8.87571
-8.89302
-8.86672
-8.85052
-8.86531
-8.86729
-8.85338
-8.82453
-8.84765
-8.82217
-8.81284
-8.81671
-8.81255
-8.7971
-8.78309
-8.78981
-8.79209
-8.79057
-8.77478
-8.77292
-8.77431
-8.7814
-8.75526
-8.75826
-8.76997
-8.74989
-8.73841
-8.76374
-8.75037
-8.72079
-8.74066
-8.74672
-8.73793
-8.7121
-8.73745
-8.73069
-8.72307
-8.71703
-8.73263
-8.71637
-8.71177
-8.70317
-8.72518
-8.69031
-8.71801
-8.68879
-8.7167
-8.73182
-8.72388
-8.72713
-8.69215
-8.69433
-8.72404
-8.71703
-8.72307
-8.73665
-8.73134
-8.73343
-8.72713
-8.72583
-8.69751
-8.69818
-8.69768
-8.69918
-8.69551
-8.69316
-8.68508
-8.67573
-8.67795
-8.65973
-8.68829
-8.6718
-8.67368
-8.70185
-8.68525
-8.68862
-8.65852
-8.67659
-8.6788
-8.67368
-8.66854
-8.66544
-8.66888
-8.69333
-8.66475
-8.68491
-8.68761
-8.65678
-8.68423
-8.69383
-8.68457
-8.67505
-8.6694
-8.66716
-8.69232
-8.69165
-8.67999
-8.68339
-8.69517
-8.69064
-8.69668
-8.69768
-8.72291
-8.72616
-8.70483
-8.70533
-8.74114
-8.75353
-8.73697
-8.72567
-8.74735
-8.76155
-8.74098
-8.7837
-8.78951
-8.79498
-8.8282
-8.81952
-8.85638
-8.86912
-8.87151
-8.91126
-8.95312
-9.05181
-8.99987
-8.90626
-8.84822
-8.82099
-8.79996
-8.77586
-8.75274
-8.75983
-8.72502
-8.68643
-8.68879
-8.65452
-8.64734
-8.65172
-8.61921
-8.62263
-8.63746
-8.61668
-8.59304
-8.58504
-8.59711
-8.603
-8.57395
-8.58036
-8.56617
-8.55468
-8.54345
-8.56331
-8.54636
-8.52536
-8.50167
-8.49903
-8.54461
-8.50512
-8.51519
-8.49679
-8.51097
-8.50025
-8.50147
-8.49064
-8.48859
-8.46548
-8.49536
-8.4976
-8.46884
-8.4797
-8.44613
-8.48074
-8.44677
-8.47741
-8.44591
-8.44398
-8.45681
-8.43902
-8.44376
-8.44806
-8.43446
-8.42178
-8.44441
-8.41494
-8.44548
-8.4231
-8.45425
-8.44441
-8.44269
-8.45041
-8.4388
-8.45297
-8.40872
-8.43338
-8.43011
-8.41958
-8.40156
-8.42244
-8.43381
-8.43098
-8.42068
-8.42442
-8.45553
-8.40827
-8.41183
-8.43098
-8.42661
-8.43728
-8.43403
-8.44827
-8.44247
-8.44161
-8.43142
-8.44656
-8.43294
-8.48591
-8.42902
-8.46379
-8.42705
-8.4621
-8.45297
-8.45447
-8.45255
-8.45468
-8.47387
-8.44204
-8.46274
-8.48941
-8.47554
-8.48384
-8.49249
-8.47845
-8.47679
-8.48322
-8.48219
-8.50492
-8.49821
-8.51699
-8.50289
-8.52298
-8.49862
-8.52238
-8.51919
-8.54286
-8.53425
-8.53346
-8.5614
-8.54947
-8.58728
-8.57622
-8.57282
-8.57206
-8.59951
-8.60447
-8.59026
-8.61722
-8.61486
-8.60612
-8.61068
-8.62676
-8.6273
-8.65748
-8.64277
-8.66579
-8.68727
-8.69751
-8.69584
-8.72209
-8.72681
-8.71981
-8.74608
-8.74973
-8.75841
-8.7529
-8.7723
-8.80222
-8.81522
-8.80971
-8.81789
-8.84578
-8.86799
-8.88696
-8.90273
-8.89357
-8.92252
-8.95377
-8.92452
-8.96418
-8.98832
-9.02124
-9.0367
-9.06393
-9.0652
-9.09066
-9.12544
-9.15345
-9.1882
-9.20563
-9.22483
-9.26767
-9.26653
-9.33785
-9.34557
-9.38924
-9.42787
-9.44865
-9.50547
-9.55535
-9.59151
-9.65733
-9.70473
-9.74549
-9.83537
-9.89227
-9.97432
-10.0622
-10.166
-10.2768
-10.4199
-10.5686
-10.7767
-11.0647
-11.4938
-12.7871
