-14.9228
-12.6848
-12.141
-11.8021
-11.5495
-11.3553
-11.1992
-11.0578
-10.9409
-10.8296
-10.7513
-10.6609
-10.5869
-10.5077
-10.4449
-10.3803
-10.3358
-10.2801
-10.2329
-10.1694
-10.1384
-10.1093
-10.0574
-10.0318
-9.9773
-9.96147
-9.93149
-9.89076
-9.85393
-9.83735
-9.79763
-9.77406
-9.75371
-9.73631
-9.69929
-9.68893
-9.66059
-9.63207
-9.61667
-9.60932
-9.59662
-9.57505
-9.56255
-9.54345
-9.51613
-9.50219
-9.47585
-9.47601
-9.43644
-9.42327
-9.42319
-9.39391
-9.38966
-9.37135
-9.37577
-9.34391
-9.33371
-9.33741
-9.30228
-9.32081
-9.2989
-9.29339
-9.26899
-9.24677
-9.24696
-9.2397
-9.22019
-9.24242
-9.21989
-9.19756
-9.19258
-9.18728
-9.17533
-9.17689
-9.17813
-9.12956
-9.13021
-9.14772
-9.1397
-9.13938
-9.11658
-9.09684
-9.11779
-9.10053
-9.08171
-9.08591
-9.08987
-9.06451
-9.05474
-9.05859
-9.0497
-9.04664
-9.03765
-9.03623
-9.02075
-9.00712
-9.02786
-8.97778
-8.97904
-8.98143
-8.97284
-8.93656
-8.9452
-8.92904
-8.91126
-8.90951
-8.90368
-8.93049
-8.8785
-8.88392
-8.86149
-8.86855
-8.87738
-8.87668
-8.8465
-8.85352
-8.85009
-8.84779
-8.85037
-8.82673
-8.83957
-8.81996
-8.8439
-8.83913
-8.82173
-8.82453
-8.8488
-8.81967
-8.82541
-8.83841
-8.79255
-8.78966
-8.82438
-8.84072
-8.83288
-8.80627
-8.84678
-8.82306
-8.81448
-8.80267
-8.80327
-8.81135
-8.81299
-8.77694
-8.7927
-8.78539
-8.79513
-8.77106
-8.7794
-8.79407
-8.81269
-8.80267
-8.76343
-8.75935
-8.77478
-8.78063
-8.76826
-8.78676
-8.7774
-8.7834
-8.77447
-8.76312
-8.76733
-8.76577
-8.80117
-8.76233
-8.77817
-8.75857
-8.75479
-8.77771
-8.79664
-8.7603
-8.78202
-8.77678
-8.80252
-8.78951
-8.78951
-8.78875
-8.81225
-8.80072
-8.79452
-8.79027
-8.81388
-8.81848
-8.82937
-8.80941
-8.81567
-8.83725
-8.832
-8.83492
-8.82849
-8.84808
-8.86616
-8.87151
-8.89741
-8.94898
-8.92359
-8.96992
-9.00282
-9.08648
-9.047
-8.95222
-8.87766
-8.85224
-8.8301
-8.80042
-8.79513
-8.77153
-8.75037
-8.73617
-8.72225
-8.71243
-8.71194
-8.69215
-8.68913
-8.68778
-8.65207
-8.63941
-8.63444
-8.63213
-8.61885
-8.64242
-8.59452
-8.60868
-8.60465
-8.57376
-8.56274
-8.58373
-8.58036
-8.55968
-8.54985
-8.55968
-8.56903
-8.54267
-8.53739
-8.54052
-8.55314
-8.51759
-8.51258
-8.51939
-8.49638
-8.52158
-8.50066
-8.53543
-8.51719
-8.50755
-8.47512
-8.50411
-8.48715
-8.47991
-8.4974
-8.46611
-8.46947
-8.50167
-8.46358
-8.46485
-8.48446
-8.48405
-8.4797
-8.45148
-8.44527
-8.46842
-8.47804
-8.45872
-8.48982
-8.48529
-8.45361
-8.4429
-8.44031
-8.45532
-8.45169
-8.47429
-8.44806
-8.44031
-8.4375
-8.46168
-8.45233
-8.46548
-8.41781
-8.4401
-8.44441
-8.44591
-8.45383
-8.46358
-8.43902
-8.45766
-8.45702
-8.44505
-8.44763
-8.45702
-8.46653
-8.45681
-8.47031
-8.45723
-8.43902
-8.45425
-8.44333
-8.48011
-8.45425
-8.50188
-8.44074
-8.47658
-8.45766
-8.49617
-8.48859
-8.47449
-8.51178
-8.49188
-8.47031
-8.50106
-8.50472
-8.49474
-8.49556
-8.50835
-8.53287
-8.52019
-8.50593
-8.51799
-8.52714
-8.52813
-8.55487
-8.54071
-8.54189
-8.56331
-8.54966
-8.55063
-8.58951
-8.56102
-8.5696
-8.59785
-8.59304
-8.60355
-8.62515
-8.63355
-8.60612
-8.61287
-8.60465
-8.63444
-8.64435
-8.64734
-8.68016
-8.66129
-8.68169
-8.68643
-8.69735
-8.69131
-8.72859
-8.76686
-8.75558
-8.76639
-8.78753
-8.80057
-8.79936
-8.79225
-8.82864
-8.81626
-8.85993
-8.86531
-8.86926
-8.85152
-8.88945
-8.90178
-8.94102
-8.94324
-8.97259
-8.97967
-9.00651
-9.01042
-9.04157
-9.06843
-9.10186
-9.13454
-9.13346
-9.16115
-9.19269
-9.21732
-9.25608
-9.28693
-9.30991
-9.33891
-9.37611
-9.42117
-9.44264
-9.50569
-9.54087
-9.62086
-9.65586
-9.7096
-9.78053
-9.83778
-9.90922
-10.0069
-10.1106
-10.2112
-10.3592
-10.5198
-10.7249
-11.0026
-11.4437
-12.6863
