-15.3127
-12.917
-12.3682
-12.0203
-11.7628
-11.5656
-11.4044
-11.2705
-11.1533
-11.0523
-10.9554
-10.8704
-10.7892
-10.7144
-10.6564
-10.5998
-10.5438
-10.479
-10.4425
-10.3921
-10.3545
-10.3228
-10.2699
-10.2362
-10.206
-10.1749
-10.1471
-10.1072
-10.0739
-10.049
-10.0242
-9.99762
-9.97553
-9.96693
-9.93673
-9.91041
-9.89283
-9.86241
-9.85314
-9.83489
-9.80753
-9.78194
-9.75858
-9.75985
-9.72681
-9.72059
-9.70357
-9.6857
-9.67137
-9.63338
-9.63809
-9.63365
-9.60427
-9.59839
-9.58541
-9.5699
-9.55279
-9.54115
-9.52741
-9.50829
-9.50644
-9.46738
-9.45939
-9.45751
-9.43867
-9.4338
-9.40566
-9.40911
-9.39058
-9.36726
-9.38
-9.36083
-9.34671
-9.32688
-9.3315
-9.3031
-9.26454
-9.25052
-9.23161
-9.22247
-9.21493
-9.17906
-9.1883
-9.14623
-9.15303
-9.13486
-9.1052
-9.1042
-9.1124
-9.1062
-9.09437
-9.08489
-9.06866
-9.05005
-9.04535
-9.03908
-9.02124
-9.02678
-9.02317
-9.00565
-9.01809
-8.9872
-8.9882
-8.98218
-8.99851
-8.95609
-8.96623
-8.97462
-8.95493
-8.9647
-8.94181
-8.95725
-8.94677
-8.94351
-8.95416
-8.92026
-8.90585
-8.94442
-8.91825
-8.90869
-8.93036
-8.91489
-8.92279
-8.90869
-8.91086
-8.90707
-8.91878
-8.88669
-8.89412
-8.90694
-8.91099
-8.9384
-8.92426
-8.91811
-8.92957
-8.9301
-8.9157
-8.89959
-8.88184
-8.90599
-8.90178
-8.88433
-8.87752
-8.8944
-8.88489
-8.88433
-8.87515
-8.87038
-8.88696
-8.87333
-8.84894
-8.90028
-8.86206
-8.8778
-8.85009
-8.84837
-8.86968
-8.8588
-8.84058
-8.84635
-8.87794
-8.84635
-8.84477
-8.85009
-8.84549
-8.84865
-8.86291
-8.84
-8.8465
-8.84304
-8.8508
-8.83986
-8.83608
-8.86418
-8.87221
-8.84707
-8.86672
-8.86757
-8.86574
-8.88889
-8.87752
-8.87179
-8.87221
-8.87445
-8.8835
-8.88406
-8.88114
-8.87529
-8.88392
-8.91637
-8.92239
-8.89467
-8.92798
-8.94494
-8.93406
-8.97348
-8.97916
-9.01882
-9.05415
-9.11603
-9.0517
-8.97626
-8.91838
-8.90761
-8.86658
-8.85037
-8.85695
-8.80132
-8.79634
-8.78966
-8.78768
-8.73021
-8.7581
-8.73408
-8.72907
-8.73922
-8.69885
-8.69851
-8.67163
-8.69718
-8.68474
-8.64541
-8.64611
-8.6491
-8.63052
-8.63088
-8.61359
-8.63284
-8.62173
-8.59063
-8.57772
-8.59174
-8.59397
-8.5749
-8.57885
-8.55584
-8.58111
-8.56446
-8.57073
-8.56522
-8.55507
-8.53601
-8.57716
-8.53188
-8.50916
-8.52932
-8.54442
-8.51077
-8.50977
-8.49515
-8.51619
-8.51439
-8.50025
-8.53523
-8.49064
-8.50573
-8.50431
-8.49842
-8.51659
-8.50431
-8.49944
-8.5035
-8.46168
-8.47949
-8.48694
-8.50593
-8.4701
-8.47949
-8.48219
-8.47783
-8.45319
-8.46485
-8.46168
-8.46231
-8.4701
-8.46253
-8.49003
-8.48859
-8.47387
-8.44806
-8.45744
-8.48591
-8.46126
-8.46083
-8.47804
-8.47429
-8.47199
-8.4927
-8.49801
-8.48653
-8.4659
-8.48136
-8.49454
-8.49044
-8.47554
-8.47824
-8.44849
-8.47595
-8.46337
-8.47387
-8.48962
-8.47429
-8.49821
-8.5033
-8.47949
-8.52476
-8.50856
-8.49679
-8.51278
-8.51919
-8.49781
-8.49249
-8.4976
-8.50188
-8.50472
-8.51459
-8.52019
-8.54364
-8.53739
-8.54228
-8.55295
-8.55737
-8.53562
-8.55449
-8.58036
-8.56903
-8.57414
-8.58148
-8.58709
-8.59877
-8.60374
-8.59969
-8.60758
-8.63941
-8.61867
-8.61123
-8.62497
-8.63693
-8.64365
-8.63994
-8.68525
-8.68084
-8.69081
-8.67317
-8.704
-8.68946
-8.72388
-8.7315
-8.75558
-8.74178
-8.74433
-8.75715
-8.77863
-8.79255
-8.81031
-8.81001
-8.85666
-8.85066
-8.87557
-8.87249
-8.88142
-8.92466
-8.92864
-8.92306
-8.94011
-8.96367
-8.99739
-9.00933
-9.01493
-9.02798
-9.07886
-9.09144
-9.12467
-9.14131
-9.17233
-9.1935
-9.21094
-9.23776
-9.26842
-9.31991
-9.34303
-9.38924
-9.4409
-9.47915
-9.53416
-9.56121
-9.62977
-9.68003
-9.74818
-9.81356
-9.88053
-9.98285
-10.0729
-10.191
-10.31
-10.4694
-10.6858
-10.9665
-11.4007
-12.5665
