-15.6091
-13.0971
-12.5365
-12.1848
-11.9248
-11.7281
-11.5695
-11.4335
-11.3181
-11.2085
-11.114
-11.0337
-10.9497
-10.8797
-10.8191
-10.7531
-10.6998
-10.642
-10.5991
-10.5507
-10.5041
-10.4688
-10.4245
-10.4008
-10.366
-10.3265
-10.2936
-10.27
-10.2389
-10.2191
-10.1858
-10.163
-10.1253
-10.1048
-10.0824
-10.0574
-10.0327
-10.0149
-9.99241
-9.95774
-9.95256
-9.92881
-9.91966
-9.8903
-9.87406
-9.84887
-9.84358
-9.82092
-9.78746
-9.77452
-9.74771
-9.72149
-9.72173
-9.68701
-9.67759
-9.65803
-9.6416
-9.62727
-9.60414
-9.56753
-9.55719
-9.52098
-9.51363
-9.4809
-9.48037
-9.44193
-9.41695
-9.39033
-9.38143
-9.3474
-9.34906
-9.32795
-9.29808
-9.3081
-9.28647
-9.24879
-9.26236
-9.23951
-9.23484
-9.21194
-9.2323
-9.201
-9.20241
-9.18215
-9.1772
-9.16062
-9.15567
-9.13335
-9.13205
-9.11833
-9.11416
-9.11504
-9.09762
-9.08126
-9.08885
-9.07567
-9.06601
-9.07418
-9.05998
-9.06126
-9.04864
-9.05462
-9.03217
-9.02425
-9.017
-9.0305
-9.0348
-9.01445
-9.02618
-9.00085
-9.01384
-9.00639
-8.97512
-8.9736
-8.97929
-8.9857
-8.97626
-8.98105
-8.96801
-8.96495
-8.9606
-8.99616
-8.96827
-8.96111
-8.96865
-8.94911
-8.98294
-8.97094
-8.96801
-8.95092
-8.98994
-8.97979
-8.99131
-8.96789
-8.9774
-8.9779
-8.97424
-8.97208
-8.96992
-8.97727
-8.95751
-8.95648
-8.94089
-8.94481
-8.92877
-8.93142
-8.94833
-8.94311
-8.93287
-8.92758
-8.93866
-8.94168
-8.92532
-8.93801
-8.93538
-8.9049
-8.91342
-8.91825
-8.90626
-8.91892
-8.91193
-8.90599
-8.91368
-8.90544
-8.9114
-8.91825
-8.90856
-8.90409
-8.90055
-8.89275
-8.90721
-8.89987
-8.92412
-8.8933
-8.94246
-8.9301
-8.92359
-8.92292
-8.91045
-8.91744
-8.90802
-8.9384
-8.92026
-8.91099
-8.91584
-8.95338
-8.94988
-8.93906
-8.95764
-8.94781
-8.96329
-8.96814
-8.96954
-8.97196
-9.00688
-9.01882
-9.02461
-9.05591
-9.07612
-9.11603
-9.09549
-9.02124
-8.96418
-8.9405
-8.91261
-8.88059
-8.87417
-8.85552
-8.83783
-8.80433
-8.80312
-8.7971
-8.7794
-8.77338
-8.75841
-8.72502
-8.75052
-8.72616
-8.72632
-8.70748
-8.71555
-8.69801
-8.69567
-8.68237
-8.68508
-8.65365
-8.6491
-8.64259
-8.62999
-8.6165
-8.63052
-8.62999
-8.63391
-8.6273
-8.63088
-8.6052
-8.57263
-8.58317
-8.5973
-8.58728
-8.57092
-8.54442
-8.57338
-8.56217
-8.55468
-8.55853
-8.54208
-8.54442
-8.52892
-8.55005
-8.53876
-8.55217
-8.52138
-8.51017
-8.54071
-8.51218
-8.54947
-8.52457
-8.52278
-8.48962
-8.51077
-8.50147
-8.49781
-8.48982
-8.51619
-8.51919
-8.51959
-8.49923
-8.48941
-8.51118
-8.52119
-8.50694
-8.50411
-8.48011
-8.47345
-8.47429
-8.48508
-8.46989
-8.49188
-8.5037
-8.46485
-8.4585
-8.48157
-8.47052
-8.48053
-8.49617
-8.49536
-8.50512
-8.47824
-8.49556
-8.49064
-8.48157
-8.49638
-8.48011
-8.49597
-8.46527
-8.48467
-8.49923
-8.51359
-8.49658
-8.50674
-8.50147
-8.52794
-8.48281
-8.47449
-8.49352
-8.47616
-8.51017
-8.52813
-8.51298
-8.51999
-8.53798
-8.50956
-8.51899
-8.53641
-8.52278
-8.55718
-8.52853
-8.54189
-8.53974
-8.56025
-8.55063
-8.55699
-8.56025
-8.56713
-8.59026
-8.57546
-8.57035
-8.60886
-8.58298
-8.61776
-8.5841
-8.60392
-8.6052
-8.62891
-8.61776
-8.63604
-8.6533
-8.66475
-8.66423
-8.68084
-8.68491
-8.6945
-8.68423
-8.71292
-8.70317
-8.70847
-8.73408
-8.74894
-8.75337
-8.7653
-8.75179
-8.76483
-8.79558
-8.79103
-8.81715
-8.81492
-8.85823
-8.86263
-8.8882
-8.87696
-8.90694
-8.92412
-8.91584
-8.9588
-8.96648
-8.97436
-8.97916
-9.01918
-9.04251
-9.07841
-9.09571
-9.12337
-9.13249
-9.16607
-9.19218
-9.22523
-9.24619
-9.27744
-9.31596
-9.34251
-9.3874
-9.41287
-9.46715
-9.52164
-9.55634
-9.61327
-9.66586
-9.72985
-9.80593
-9.87986
-9.96138
-10.056
-10.1617
-10.2896
-10.4572
-10.6576
-10.9382
-11.3715
-12.4506
