-15.8506
-13.2313
-12.6657
-12.3091
-12.0545
-11.8573
-11.6866
-11.5543
-11.432
-11.3334
-11.2312
-11.1492
-11.072
-11.0017
-10.9391
-10.8727
-10.8159
-10.7724
-10.7166
-10.6736
-10.6385
-10.5772
-10.5514
-10.5215
-10.4723
-10.4349
-10.411
-10.3812
-10.3447
-10.307
-10.28
-10.2478
-10.2272
-10.1994
-10.1644
-10.1573
-10.1247
-10.0915
-10.0708
-10.0371
-10.0178
-10.0007
-9.96095
-9.92735
-9.90962
-9.89722
-9.869
-9.84771
-9.80643
-9.78555
-9.75354
-9.73015
-9.70125
-9.66231
-9.6343
-9.6071
-9.59519
-9.57886
-9.54717
-9.52938
-9.49356
-9.48941
-9.459
-9.44857
-9.43867
-9.41646
-9.40401
-9.39149
-9.36538
-9.35583
-9.33459
-9.32875
-9.3052
-9.30018
-9.2873
-9.27068
-9.25071
-9.24956
-9.25071
-9.24213
-9.21583
-9.20994
-9.18809
-9.20009
-9.18369
-9.18809
-9.16356
-9.17926
-9.15504
-9.14195
-9.13884
-9.12631
-9.11427
-9.12107
-9.10676
-9.12118
-9.10598
-9.09178
-9.10465
-9.07464
-9.05532
-9.0601
-9.05579
-9.04947
-9.04617
-9.05905
-9.05392
-9.04121
-9.04664
-9.03753
-9.03253
-9.03432
-9.01712
-9.00393
-9.04381
-9.00024
-9.02726
-9.01213
-9.00196
-8.98545
-9.00479
-9.01055
-9.00749
-9.00712
-9.01067
-9.00319
-9.01213
-9.01091
-8.99888
-8.99032
-9.01566
-8.98832
-9.03313
-9.0373
-9.0305
-9.03336
-8.98907
-9.01918
-8.98907
-8.98944
-8.9779
-8.99999
-8.99974
-8.99591
-8.95454
-8.99814
-8.96929
-8.98444
-8.9803
-8.98105
-8.97929
-8.9862
-8.94885
-8.94442
-8.97132
-8.96827
-8.96406
-8.94846
-8.9638
-8.9647
-8.92758
-8.93748
-8.94442
-8.94416
-8.94975
-8.95325
-8.96687
-8.94259
-8.93801
-8.96916
-8.93617
-8.93182
-8.94429
-8.93971
-8.95131
-8.92292
-8.93682
-8.97005
-8.94338
-8.95429
-8.96967
-8.96827
-8.96226
-8.97259
-8.96034
-8.99665
-8.96239
-8.96431
-8.97487
-8.98607
-8.9867
-9.00933
-8.99603
-9.02978
-9.05963
-9.05824
-9.06878
-9.08091
-9.11801
-9.16492
-9.1042
-9.03038
-8.98994
-8.98344
-8.95995
-8.92572
-8.88972
-8.88489
-8.87487
-8.85123
-8.84535
-8.80732
-8.79649
-8.79966
-8.77894
-8.77786
-8.77786
-8.78753
-8.72956
-8.74544
-8.72794
-8.73456
-8.70583
-8.69835
-8.67539
-8.70001
-8.67948
-8.68677
-8.64892
-8.68203
-8.64682
-8.63373
-8.64365
-8.62891
-8.63248
-8.63941
-8.61359
-8.61214
-8.62119
-8.61867
-8.62209
-8.59969
-8.60006
-8.5884
-8.57697
-8.6041
-8.55526
-8.57584
-8.57414
-8.56025
-8.57073
-8.56044
-8.5732
-8.55641
-8.51659
-8.54345
-8.54695
-8.57452
-8.545
-8.55449
-8.53149
-8.52318
-8.55468
-8.50411
-8.51037
-8.54052
-8.50674
-8.51579
-8.50795
-8.48921
-8.52039
-8.53011
-8.51359
-8.51158
-8.49064
-8.51639
-8.5035
-8.53149
-8.48756
-8.51579
-8.50025
-8.48941
-8.48735
-8.49454
-8.50106
-8.5033
-8.50775
-8.50309
-8.49781
-8.49679
-8.50573
-8.49023
-8.47741
-8.52437
-8.51359
-8.49944
-8.51278
-8.51419
-8.51999
-8.50997
-8.51138
-8.52138
-8.51579
-8.52457
-8.52833
-8.49167
-8.49719
-8.51097
-8.50734
-8.52079
-8.54869
-8.53601
-8.54675
-8.54597
-8.54461
-8.53405
-8.56312
-8.55101
-8.56312
-8.55487
-8.59137
-8.55005
-8.55929
-8.55891
-8.58597
-8.5936
-8.5884
-8.5897
-8.62891
-8.61196
-8.60776
-8.62083
-8.63853
-8.63586
-8.62245
-8.64065
-8.64136
-8.66406
-8.66406
-8.65748
-8.6682
-8.6805
-8.68761
-8.71801
-8.70947
-8.70566
-8.71981
-8.73004
-8.75037
-8.77354
-8.77971
-8.77709
-8.76717
-8.79649
-8.79285
-8.84347
-8.85224
-8.8578
-8.87137
-8.8701
-8.89494
-8.91247
-8.92066
-8.93538
-8.94585
-8.95995
-8.99578
-8.9717
-9.01018
-9.03801
-9.06323
-9.07292
-9.12587
-9.13583
-9.17098
-9.19055
-9.19736
-9.24203
-9.26899
-9.31857
-9.33777
-9.37416
-9.40319
-9.45829
-9.50696
-9.55045
-9.59526
-9.65483
-9.72508
-9.79807
-9.8523
-9.94655
-10.0444
-10.1528
-10.2809
-10.4341
-10.6331
-10.9194
-11.3448
-12.3573
