-16.0303
-13.361
-12.7911
-12.4394
-12.1876
-11.9877
-11.8247
-11.6883
-11.5667
-11.4686
-11.3678
-11.2933
-11.2085
-11.1515
-11.0858
-11.034
-10.9817
-10.9272
-10.8766
-10.829
-10.7988
-10.7433
-10.7075
-10.6709
-10.6338
-10.5974
-10.5777
-10.5298
-10.4974
-10.4649
-10.4381
-10.405
-10.3756
-10.3362
-10.3031
-10.2699
-10.2507
-10.2034
-10.1587
-10.1436
-10.1053
-10.0704
-10.0339
-10.0069
-9.96604
-9.93465
-9.88822
-9.85267
-9.82005
-9.81662
-9.77076
-9.73708
-9.72292
-9.68862
-9.66097
-9.64608
-9.61661
-9.60979
-9.57755
-9.55881
-9.54144
-9.52157
-9.50122
-9.49205
-9.47486
-9.4492
-9.43684
-9.43947
-9.4123
-9.418
-9.39325
-9.37958
-9.37322
-9.35331
-9.32045
-9.33256
-9.31623
-9.30274
-9.29734
-9.27463
-9.28285
-9.25884
-9.26823
-9.24407
-9.23279
-9.22543
-9.22059
-9.23776
-9.19146
-9.20332
-9.19958
-9.20211
-9.1691
-9.18379
-9.16503
-9.17316
-9.1667
-9.16052
-9.15915
-9.14655
-9.13065
-9.15133
-9.13184
-9.14995
-9.13032
-9.11328
-9.12096
-9.11074
-9.11493
-9.10809
-9.09133
-9.09896
-9.1022
-9.10454
-9.10897
-9.08874
-9.08693
-9.07852
-9.10509
-9.07681
-9.09178
-9.08296
-9.08806
-9.08953
-9.08
-9.07978
-9.08557
-9.06207
-9.07635
-9.08
-9.08228
-9.09448
-9.09122
-9.10298
-9.08659
-9.09515
-9.07027
-9.09099
-9.05998
-9.06543
-9.06647
-9.06555
-9.05146
-9.03931
-9.05509
-9.05626
-9.03336
-9.05345
-9.02666
-9.03121
-9.03872
-9.03348
-9.00528
-9.02738
-9.00295
-9.03217
-9.01335
-9.01979
-9.01554
-9.03229
-9.0027
-9.00455
-8.99702
-9.01773
-8.99181
-8.99801
-8.99628
-9.00332
-9.00541
-9.01882
-9.00319
-8.98757
-9.0043
-8.9857
-9.01116
-9.01262
-9.00835
-8.98682
-9.00786
-9.00639
-9.00639
-9.01104
-8.99281
-9.01712
-9.00626
-8.99578
-9.01773
-9.02786
-9.04086
-9.02256
-9.0477
-9.05052
-9.04841
-9.06647
-9.06866
-9.08806
-9.08285
-9.11548
-9.14367
-9.21064
-9.13314
-9.04358
-9.02341
-8.98457
-8.96916
-8.94911
-8.92332
-8.8911
-8.88572
-8.88267
-8.88931
-8.84318
-8.82996
-8.80433
-8.80222
-8.80837
-8.78554
-8.78798
-8.76842
-8.75337
-8.76655
-8.73665
-8.72404
-8.73617
-8.71045
-8.71719
-8.69232
-8.67471
-8.68474
-8.67505
-8.68896
-8.67403
-8.66682
-8.65225
-8.66888
-8.66337
-8.63888
-8.67744
-8.63728
-8.62281
-8.60355
-8.62712
-8.61722
-8.61704
-8.61269
-8.59267
-8.59896
-8.59693
-8.57073
-8.56732
-8.59508
-8.58223
-8.57376
-8.57301
-8.56694
-8.56198
-8.57168
-8.56522
-8.5485
-8.56178
-8.54442
-8.53993
-8.55449
-8.55237
-8.54111
-8.53974
-8.52794
-8.52695
-8.52516
-8.54966
-8.53582
-8.51539
-8.52417
-8.51559
-8.52337
-8.51619
-8.51819
-8.49413
-8.52357
-8.5309
-8.52397
-8.52397
-8.50856
-8.51097
-8.48818
-8.51979
-8.50066
-8.52873
-8.49923
-8.50815
-8.49249
-8.51359
-8.49903
-8.52675
-8.49821
-8.50045
-8.53798
-8.52714
-8.49801
-8.50208
-8.51759
-8.52099
-8.51178
-8.52556
-8.52794
-8.55275
-8.50411
-8.53129
-8.53954
-8.56579
-8.5033
-8.52754
-8.54169
-8.53739
-8.51739
-8.53366
-8.55082
-8.55776
-8.54384
-8.52039
-8.56331
-8.53208
-8.5637
-8.58017
-8.58877
-8.591
-8.60392
-8.59969
-8.60172
-8.62209
-8.58989
-8.61722
-8.62945
-8.61758
-8.63409
-8.63675
-8.63444
-8.65696
-8.65469
-8.66181
-8.67659
-8.67043
-8.71128
-8.68575
-8.6871
-8.69199
-8.71964
-8.71801
-8.75857
-8.74225
-8.74257
-8.75511
-8.7678
-8.76296
-8.80777
-8.81433
-8.81774
-8.83244
-8.84333
-8.86291
-8.84188
-8.88889
-8.90191
-8.92877
-8.93696
-8.95803
-8.96521
-8.99243
-9.00553
-9.02702
-9.05334
-9.08964
-9.0993
-9.13076
-9.14846
-9.1806
-9.19441
-9.19675
-9.25052
-9.30365
-9.32081
-9.36546
-9.40796
-9.43524
-9.47086
-9.53032
-9.5883
-9.63874
-9.6932
-9.77832
-9.83344
-9.9121
-10.0076
-10.1239
-10.2575
-10.4183
-10.6046
-10.8848
-11.3064
-12.2356
