-16.2009
-13.4578
-12.8822
-12.5343
-12.2773
-12.0765
-11.9114
-11.7742
-11.6595
-11.5507
-11.4683
-11.386
-11.3091
-11.2502
-11.1756
-11.1171
-11.063
-11.0228
-10.9632
-10.9183
-10.8666
-10.8242
-10.7788
-10.7365
-10.7057
-10.6689
-10.6289
-10.5943
-10.5457
-10.5159
-10.4818
-10.4328
-10.394
-10.3591
-10.3131
-10.2795
-10.2326
-10.177
-10.1496
-10.0972
-10.0663
-10.0164
-9.97581
-9.93697
-9.90469
-9.87899
-9.85802
-9.8258
-9.79339
-9.76681
-9.75354
-9.72053
-9.7051
-9.67206
-9.64115
-9.6345
-9.61747
-9.5973
-9.56591
-9.55244
-9.54302
-9.53813
-9.51606
-9.49115
-9.48174
-9.47585
-9.45384
-9.43636
-9.41695
-9.39889
-9.39549
-9.37662
-9.37746
-9.35893
-9.35184
-9.32
-9.31955
-9.3283
-9.29835
-9.3129
-9.28536
-9.27949
-9.27012
-9.24841
-9.27181
-9.26217
-9.23834
-9.22088
-9.21751
-9.22276
-9.2194
-9.19827
-9.18471
-9.17637
-9.18297
-9.19786
-9.17087
-9.18029
-9.17471
-9.15936
-9.17513
-9.15335
-9.1623
-9.16461
-9.14548
-9.14942
-9.13788
-9.11746
-9.14612
-9.14067
-9.11526
-9.13594
-9.12195
-9.12913
-9.14045
-9.11493
-9.10086
-9.12576
-9.11328
-9.09997
-9.12009
-9.12707
-9.12074
-9.10897
-9.10365
-9.08941
-9.11306
-9.11537
-9.08285
-9.11218
-9.11625
-9.12293
-9.12826
-9.13421
-9.13616
-9.1042
-9.08874
-9.10387
-9.09907
-9.10019
-9.10186
-9.08998
-9.08648
-9.08783
-9.08114
-9.0867
-9.05064
-9.07292
-9.06647
-9.04558
-9.05123
-9.07292
-9.04688
-9.04594
-9.04641
-9.06103
-9.07337
-9.02256
-9.02461
-9.02678
-9.01493
-9.02184
-9.05005
-9.0222
-9.03611
-9.03038
-9.01408
-9.03908
-9.03765
-9.01942
-9.0367
-9.01797
-9.00577
-9.0275
-9.03169
-9.0348
-9.03002
-9.02954
-9.02582
-9.01773
-9.01663
-9.03682
-9.01966
-9.06866
-9.04003
-9.04109
-9.04192
-9.0524
-9.04287
-9.06843
-9.05766
-9.06219
-9.07555
-9.07704
-9.08772
-9.08896
-9.12206
-9.14463
-9.17305
-9.19887
-9.14142
-9.09482
-9.06091
-8.999
-8.96916
-8.97778
-8.9363
-8.92212
-8.90137
-8.87752
-8.89782
-8.87696
-8.87417
-8.85023
-8.82321
-8.82276
-8.82747
-8.79316
-8.80132
-8.79209
-8.7889
-8.7639
-8.75904
-8.74624
-8.71637
-8.73504
-8.72794
-8.70715
-8.71604
-8.69467
-8.66233
-8.69131
-8.69031
-8.67368
-8.66233
-8.65643
-8.64997
-8.67214
-8.63373
-8.62802
-8.62263
-8.61686
-8.63195
-8.59674
-8.62623
-8.6063
-8.62623
-8.59174
-8.57923
-8.58858
-8.60264
-8.59656
-8.57017
-8.57735
-8.59063
-8.5591
-8.5749
-8.5677
-8.56579
-8.56427
-8.57641
-8.53543
-8.56274
-8.54753
-8.56446
-8.52457
-8.53011
-8.53267
-8.53915
-8.54636
-8.54286
-8.55699
-8.52158
-8.51959
-8.53385
-8.52734
-8.51419
-8.51599
-8.52099
-8.51959
-8.51699
-8.52695
-8.50714
-8.50492
-8.52119
-8.53188
-8.55005
-8.5305
-8.54461
-8.50977
-8.50309
-8.51198
-8.51379
-8.51719
-8.50734
-8.5033
-8.5033
-8.5311
-8.52457
-8.52675
-8.51899
-8.53523
-8.53817
-8.54189
-8.52278
-8.54032
-8.51459
-8.52457
-8.5307
-8.57111
-8.55198
-8.53817
-8.54091
-8.54169
-8.53444
-8.56808
-8.53129
-8.55776
-8.54985
-8.55121
-8.57452
-8.57017
-8.56178
-8.56884
-8.58111
-8.59174
-8.59044
-8.59711
-8.63213
-8.59156
-8.59119
-8.62712
-8.60539
-8.64153
-8.63941
-8.6364
-8.63177
-8.67094
-8.66492
-8.68169
-8.6706
-8.68997
-8.68946
-8.695
-8.70151
-8.6788
-8.69785
-8.72421
-8.73456
-8.76014
-8.75179
-8.77617
-8.79103
-8.76139
-8.79619
-8.79027
-8.82703
-8.80732
-8.85524
-8.84937
-8.85951
-8.89536
-8.92599
-8.92479
-8.91811
-8.94272
-8.97525
-9.00209
-9.00122
-9.04062
-9.04759
-9.06843
-9.11129
-9.1032
-9.13054
-9.16555
-9.19928
-9.20301
-9.24426
-9.28005
-9.31154
-9.3676
-9.3889
-9.43308
-9.47493
-9.53003
-9.56962
-9.61774
-9.67853
-9.76164
-9.82617
-9.90564
-10.0096
-10.0993
-10.2411
-10.4015
-10.598
-10.8686
-11.2936
-12.1681
